# X,Y,Xs,Ys,Zs,Xv,Yv,Zv,shellnum,theta,phi
-2.918924143937598004e+01,2.835374338263364269e+00,2.913716456707447122e+01,-3.328183353645727927e+00,-1.334655884116520141e-06,6.427063905824517143e-01,5.225045523313921692e+00,2.546249999998788094e-01,0.000000000000000000e+00,7.561251934591317614e-01,4.789626150138282412e+00
-2.918983198534983359e+01,2.829791018258145385e+00,2.913784862670998166e+01,-3.322617322842610132e+00,2.699038769988226782e-04,6.416146919890204359e-01,5.225170116503197626e+00,2.546249949686247849e-01,0.000000000000000000e+00,7.561251934591317614e-01,4.789626150138282412e+00
-2.919041287698724929e+01,2.824288087149198212e+00,2.913852168577425417e+01,-3.317131412416671310e+00,5.372317259335901429e-04,6.405387135684015298e-01,5.225292708667466535e+00,2.546249800661822826e-01,0.000000000000000000e+00,7.561251934591317614e-01,4.789626150138282412e+00
-2.919099263788663734e+01,2.818785037601326149e+00,2.913919361626207305e+01,-3.311645364472445507e+00,8.045599885418419639e-04,6.394627138126474097e-01,5.225415097854495095e+00,2.546249552922645321e-01,0.000000000000000000e+00,7.561251934591317614e-01,4.789626150138282412e+00
-2.919157972523180788e+01,2.813201355321940156e+00,2.913987422388059301e+01,-3.306078913036436084e+00,1.075799786781461709e-03,6.383709499605176863e-01,5.225539070190059476e+00,2.546249200667768386e-01,0.000000000000000000e+00,7.561251934591317614e-01,4.789626150138282412e+00
-2.919215720803825675e+01,2.807698067863413804e+00,2.914054388061851597e+01,-3.300592588741529720e+00,1.343128848783986529e-03,6.372949073284908117e-01,5.225661050443937583e+00,2.546248754056336105e-01,0.000000000000000000e+00,7.561251934591317614e-01,4.789626150138282412e+00
-2.919274198391110886e+01,2.802114144668103268e+00,2.914122218116333940e+01,-3.295025857385709411e+00,1.614369435017026788e-03,6.362031000449178686e-01,5.225784607857357322e+00,2.546248200020632124e-01,0.000000000000000000e+00,7.561251934591317614e-01,4.789626150138282412e+00
-2.919331718852627588e+01,2.796610620236145373e+00,2.914188956403733144e+01,-3.289539257674457318e+00,1.881699250887047814e-03,6.351270146787928450e-01,5.225906179166014631e+00,2.546247554538946800e-01,0.000000000000000000e+00,7.561251934591317614e-01,4.789626150138282412e+00
-2.919389126228167797e+01,2.791106978525394577e+00,2.914255581819369567e+01,-3.284052521601473096e+00,2.149029424075715733e-03,6.340509081534689839e-01,5.226027547482500424e+00,2.546246810344991451e-01,0.000000000000000000e+00,7.561251934591317614e-01,4.789626150138282412e+00
-2.919447257915330951e+01,2.785522696606156146e+00,2.914323066628952930e+01,-3.278485373152057569e+00,2.420271103208165853e-03,6.329590361496744144e-01,5.226150483996500284e+00,2.546245954374542486e-01,0.000000000000000000e+00,7.561251934591317614e-01,4.789626150138282412e+00
-2.919504437457107215e+01,2.780018819323693879e+00,2.914389464641212513e+01,-3.272998363060138693e+00,2.687601962177460502e-03,6.318828871028459027e-01,5.226271443349787660e+00,2.546245011313365003e-01,0.000000000000000000e+00,7.561251934591317614e-01,4.789626150138282412e+00
-2.919562337972266519e+01,2.774434298860925185e+00,2.914456718714680505e+01,-3.267430937056015061e+00,2.958844314067010650e-03,6.307909720274075260e-01,5.226393964911226320e+00,2.546243953567222107e-01,0.000000000000000000e+00,7.561251934591317614e-01,4.789626150138282412e+00
-2.919619289670549733e+01,2.768930186943335148e+00,2.914522889312265264e+01,-3.261943653878875082e+00,3.226175813325848907e-03,6.297147806011063054e-01,5.226514515289355067e+00,2.546242811640871961e-01,0.000000000000000000e+00,7.561251934591317614e-01,4.789626150138282412e+00
-2.919676128270792859e+01,2.763425958908020341e+00,2.914588947024079602e+01,-3.256456235497513951e+00,3.493507613508556320e-03,6.286385681917046053e-01,5.226634862660485048e+00,2.546241571004791981e-01,0.000000000000000000e+00,7.561251934591317614e-01,4.789626150138282412e+00
-2.919733682848941569e+01,2.757841083272134064e+00,2.914655855809812834e+01,-3.250888395939723452e+00,3.764750885829837301e-03,6.275465889345673842e-01,5.226756763277149886e+00,2.546240211331669556e-01,0.000000000000000000e+00,7.561251934591317614e-01,4.789626150138282412e+00
-2.919790293591203323e+01,2.752336622003250355e+00,2.914721686090116393e+01,-3.245400705870417291e+00,4.032083258229818279e-03,6.264703343582294082e-01,5.226876701655295498e+00,2.546238771833517212e-01,0.000000000000000000e+00,7.561251934591317614e-01,4.789626150138282412e+00
-2.919846791228252059e+01,2.746832045312818327e+00,2.914787403476310601e+01,-3.239912881290942348e+00,4.299415897742214776e-03,6.253940589043782694e-01,5.226996437017602304e+00,2.546237233627182128e-01,0.000000000000000000e+00,7.561251934591317614e-01,4.789626150138282412e+00
-2.919903999847457143e+01,2.741246816632048944e+00,2.914853966948811248e+01,-3.234344630301227319e+00,4.570659987132213997e-03,6.243020157882751553e-01,5.227117716662491809e+00,2.546235572031818606e-01,0.000000000000000000e+00,7.561251934591317614e-01,4.789626150138282412e+00
-2.919960269612120740e+01,2.735742008109983914e+00,2.914919456886742921e+01,-3.228856535431474217e+00,4.837993130775486428e-03,6.232256983800825711e-01,5.227237043014072881e+00,2.546233834966555309e-01,0.000000000000000000e+00,7.561251934591317614e-01,4.789626150138282412e+00
-2.920017247020204465e+01,2.730156544681452857e+00,2.914985789577653108e+01,-3.223288010671241377e+00,5.109237708571690018e-03,6.221336127679722994e-01,5.227357907658230829e+00,2.546231971603946653e-01,0.000000000000000000e+00,7.561251934591317614e-01,4.789626150138282412e+00
-2.920073288902900899e+01,2.724651505265235585e+00,2.915051052056170278e+01,-3.217799646445844708e+00,5.376571310818423211e-03,6.210572535476183154e-01,5.227476824987261850e+00,2.546230035681876225e-01,0.000000000000000000e+00,7.561251934591317614e-01,4.789626150138282412e+00
-2.920129217668520383e+01,2.719146351587946597e+00,2.915116201626770120e+01,-3.212311148867232458e+00,5.643905123820625036e-03,6.199808736257002018e-01,5.227595539285828430e+00,2.546228001054253731e-01,0.000000000000000000e+00,7.561251934591317614e-01,4.789626150138282412e+00
-2.920185849081361340e+01,2.713560538665705124e+00,2.915182188962200627e+01,-3.206742216215465735e+00,5.915150346227970868e-03,6.188887246931144004e-01,5.227715782913445075e+00,2.546225835777450874e-01,0.000000000000000000e+00,7.561251934591317614e-01,4.789626150138282412e+00
-2.920241549950754134e+01,2.708055155496394306e+00,2.915247111056777740e+01,-3.201253450679095280e+00,6.182484549744599045e-03,6.178123031716422631e-01,5.227834088171857907e+00,2.546223602296232569e-01,0.000000000000000000e+00,7.561251934591317614e-01,4.789626150138282412e+00
-2.920297950128341569e+01,2.702469110199413826e+00,2.915312867582511203e+01,-3.195684246622649383e+00,6.453730145321551204e-03,6.167201121028593747e-01,5.227953916768958820e+00,2.546221235257620785e-01,0.000000000000000000e+00,7.561251934591317614e-01,4.789626150138282412e+00
-2.920353423092029033e+01,2.696963498474873155e+00,2.915377562190018068e+01,-3.190195214062486073e+00,6.721064693863187944e-03,6.156436491238622688e-01,5.228071812975508159e+00,2.546218802924974933e-01,0.000000000000000000e+00,7.561251934591317614e-01,4.789626150138282412e+00
-2.920408782926890723e+01,2.691457773650621110e+00,2.915442143875913317e+01,-3.184706049306961440e+00,6.988399396766181715e-03,6.145671656194017229e-01,5.228189506137072229e+00,2.546216271889465421e-01,0.000000000000000000e+00,7.561251934591317614e-01,4.789626150138282412e+00
-2.920464837073301823e+01,2.685871382411498143e+00,2.915507555004284868e+01,-3.179136440899829719e+00,7.259645464494784983e-03,6.134749117686472131e-01,5.228308713673226471e+00,2.546213602944878973e-01,0.000000000000000000e+00,7.561251934591317614e-01,4.789626150138282412e+00
-2.920519968988343606e+01,2.680365430434291429e+00,2.915571909186646238e+01,-3.173647010518566347e+00,7.526980444333558617e-03,6.123983870192720724e-01,5.228425997765467237e+00,2.546210873061222624e-01,0.000000000000000000e+00,7.561251934591317614e-01,4.789626150138282412e+00
-2.920574987767576403e+01,2.674859366053406351e+00,2.915636150439247842e+01,-3.168157448635884776e+00,7.794315544738028567e-03,6.113218418499610785e-01,5.228543078804080757e+00,2.546208044476340193e-01,0.000000000000000000e+00,7.561251934591317614e-01,4.789626150138282412e+00
-2.920630695861446924e+01,2.669272631001213814e+00,2.915701216145327024e+01,-3.162587438000743045e+00,8.065561981241503586e-03,6.102295255400321805e-01,5.228661665252843704e+00,2.546205073630790072e-01,0.000000000000000000e+00,7.561251934591317614e-01,4.789626150138282412e+00
-2.920685486706832990e+01,2.663766340869711868e+00,2.915765229878018872e+01,-3.157097611890455013e+00,8.332897290493579412e-03,6.091529393384147451e-01,5.228778337204761151e+00,2.546202046201082592e-01,0.000000000000000000e+00,7.561251934591317614e-01,4.789626150138282412e+00
-2.920740963527351042e+01,2.658179377239794139e+00,2.915830064729942350e+01,-3.151527333636241046e+00,8.604143915803413867e-03,6.080605814679921339e-01,5.228896508575842539e+00,2.546198873602660284e-01,0.000000000000000000e+00,7.561251934591317614e-01,4.789626150138282412e+00
-2.920795526429566991e+01,2.652672862294573441e+00,2.915893850931832176e+01,-3.146037244232443353e+00,8.871479388415842715e-03,6.069839543760914280e-01,5.229012771429505158e+00,2.546195647330368739e-01,0.000000000000000000e+00,7.561251934591317614e-01,4.789626150138282412e+00
-2.920849976184413777e+01,2.647166236107274973e+00,2.915957524190455885e+01,-3.140547024485354832e+00,9.138814925197136230e-03,6.059073070403695471e-01,5.229128831215203554e+00,2.546192322359631111e-01,0.000000000000000000e+00,7.561251934591317614e-01,4.789626150138282412e+00
-2.920905106917046723e+01,2.641578932216440911e+00,2.916022013578792382e+01,-3.134976347544663255e+00,9.410061746821740680e-03,6.048148872492904449e-01,5.229246381455072701e+00,2.546188847868745553e-01,0.000000000000000000e+00,7.561251934591317614e-01,4.789626150138282412e+00
-2.920959328714841163e+01,2.636072082617952450e+00,2.916085459290382786e+01,-3.129485865902412289e+00,9.677397378872798495e-03,6.037381992359062144e-01,5.229362032125289161e+00,2.546185324058815036e-01,0.000000000000000000e+00,7.561251934591317614e-01,4.789626150138282412e+00
-2.921014228150625769e+01,2.630484552523051800e+00,2.916149717797091867e+01,-3.123914923709230962e+00,9.948644274066303916e-03,6.026457382441586796e-01,5.229479167258315186e+00,2.546181647820794924e-01,0.000000000000000000e+00,7.561251934591317614e-01,4.789626150138282412e+00
-2.921068221982134716e+01,2.624977480451155643e+00,2.916212935950844454e+01,-3.118424181106812743e+00,1.021597995586154273e-02,6.015690096952918120e-01,5.229594408801570893e+00,2.546177925173960799e-01,0.000000000000000000e+00,7.561251934591317614e-01,4.789626150138282412e+00
-2.921122102654841868e+01,2.619470298298374189e+00,2.916276041147953535e+01,-3.112933309318844710e+00,1.048331564545437744e-02,6.004922610786183057e-01,5.229709447262655964e+00,2.546174103831515545e-01,0.000000000000000000e+00,7.561251934591317614e-01,4.789626150138282412e+00
-2.921176655967763836e+01,2.613882431494807701e+00,2.916339954150148372e+01,-3.107361971980878046e+00,1.075456256451498560e-02,5.993997387046895442e-01,5.229825961221015618e+00,2.546170125709707466e-01,0.000000000000000000e+00,7.561251934591317614e-01,4.789626150138282412e+00
-2.921230308660450348e+01,2.608375028270978557e+00,2.916402831773336146e+01,-3.101870840630946979e+00,1.102189823577642835e-02,5.983229497650970341e-01,5.229940590538058487e+00,2.546166105533817503e-01,0.000000000000000000e+00,7.561251934591317614e-01,4.789626150138282412e+00
-2.921283848187537302e+01,2.602867515662480535e+00,2.916465596431915941e+01,-3.096379580789622832e+00,1.128923388103963976e-02,5.972461408632296909e-01,5.230055016764477926e+00,2.546161986664044474e-01,0.000000000000000000e+00,7.561251934591317614e-01,4.789626150138282412e+00
-2.921338055356803309e+01,2.597279314280171558e+00,2.916529163905235933e+01,-3.090807850430493886e+00,1.156048072057630494e-02,5.961535574299868800e-01,5.230170909522281697e+00,2.546157706663730869e-01,0.000000000000000000e+00,7.561251934591317614e-01,4.789626150138282412e+00
-2.921391366890219388e+01,2.591771582003333130e+00,2.916591700973894064e+01,-3.085316332425771968e+00,1.182781627941976998e-02,5.950767084178175681e-01,5.230284926587656535e+00,2.546153388964014774e-01,0.000000000000000000e+00,7.561251934591317614e-01,4.789626150138282412e+00
-2.921445342725560579e+01,2.586183158214687250e+00,2.916655037522148675e+01,-3.079744340600648833e+00,1.209906300817552294e-02,5.939840843595777242e-01,5.230400404192470987e+00,2.546148907225988522e-01,0.000000000000000000e+00,7.561251934591317614e-01,4.789626150138282412e+00
-2.921498426256233216e+01,2.580675207206747146e+00,2.916717346990243342e+01,-3.074252565367009193e+00,1.236639843510732584e-02,5.929071953791537064e-01,5.230514012085489384e+00,2.546144390698690252e-01,0.000000000000000000e+00,7.561251934591317614e-01,4.789626150138282412e+00
-2.921551396610060891e+01,2.575167147975994997e+00,2.916779543480538806e+01,-3.068760662800412931e+00,1.263373377964645272e-02,5.918302866125678685e-01,5.230627416873859126e+00,2.546139775480436018e-01,0.000000000000000000e+00,7.561251934591317614e-01,4.789626150138282412e+00
-2.921605026267354077e+01,2.569578393161665364e+00,2.916842534459575020e+01,-3.063188281496725729e+00,1.290498025641907687e-02,5.907376020335497468e-01,5.230742273235239992e+00,2.546134991872859299e-01,0.000000000000000000e+00,7.561251934591317614e-01,4.789626150138282412e+00
-2.921657768604933025e+01,2.564070116602659155e+00,2.916904503333451615e+01,-3.057696123099941765e+00,1.317231540095821496e-02,5.896606535113300129e-01,5.230855268834395666e+00,2.546130177830593366e-01,0.000000000000000000e+00,7.561251934591317614e-01,4.789626150138282412e+00
-2.921710397758984712e+01,2.558561732517214526e+00,2.916966359221680349e+01,-3.052203838064533770e+00,1.343965042930668485e-02,5.885836853084916998e-01,5.230968061320552920e+00,2.546125265099153379e-01,0.000000000000000000e+00,7.561251934591317614e-01,4.789626150138282412e+00
-2.921763681217791842e+01,2.552972648807104061e+00,2.917029004607491771e+01,-3.046631069405946857e+00,1.371089655072280089e-02,5.874909405315007493e-01,5.231082296412968624e+00,2.546120179627476832e-01,0.000000000000000000e+00,7.561251934591317614e-01,4.789626150138282412e+00
-2.921816082342176557e+01,2.547464048796286740e+00,2.917090632863533628e+01,-3.041138529939130475e+00,1.397823131098542560e-02,5.864139327856415784e-01,5.231194679693143890e+00,2.546115068075635590e-01,0.000000000000000000e+00,7.561251934591317614e-01,4.789626150138282412e+00
-2.921869134430614778e+01,2.541874746477695179e+00,2.917153047281474443e+01,-3.035565503601278081e+00,1.424947713729421417e-02,5.853211479592466127e-01,5.231308499587049354e+00,2.546109780875966400e-01,0.000000000000000000e+00,7.561251934591317614e-01,4.789626150138282412e+00
-2.921921307516407751e+01,2.536365931479656055e+00,2.917214447894832929e+01,-3.030072710638467726e+00,1.451681158394209359e-02,5.842441008125673907e-01,5.231420473650068459e+00,2.546104470506161954e-01,0.000000000000000000e+00,7.561251934591317614e-01,4.789626150138282412e+00
-2.921973367407626299e+01,2.530857010116478456e+00,2.917275735509551282e+01,-3.024579792194948880e+00,1.478414585804085912e-02,5.831670341612423814e-01,5.231532244586268199e+00,2.546099061450201040e-01,0.000000000000000000e+00,7.561251934591317614e-01,4.789626150138282412e+00
-2.922026073263773682e+01,2.525267382455772758e+00,2.917337804294510306e+01,-3.019006382045501979e+00,1.505539115653216353e-02,5.820741896754334510e-01,5.231645443168909004e+00,2.546093472395665747e-01,0.000000000000000000e+00,7.561251934591317614e-01,4.789626150138282412e+00
-2.922077905103127549e+01,2.519758247508439908e+00,2.917398864250921875e+01,-3.013513211504977640e+00,1.532272504892823184e-02,5.809970838359141965e-01,5.231756804871324995e+00,2.546087864525420352e-01,0.000000000000000000e+00,7.561251934591317614e-01,4.789626150138282412e+00
-2.922130379566441150e+01,2.514168403613902036e+00,2.917460702041568155e+01,-3.007939546044011703e+00,1.559396993707524992e-02,5.799041996605502902e-01,5.231869588227312740e+00,2.546082073749121877e-01,0.000000000000000000e+00,7.561251934591317614e-01,4.789626150138282412e+00
-2.922181983345110368e+01,2.508659056019844069e+00,2.917521534329283384e+01,-3.002446124341196398e+00,1.586130340227925872e-02,5.788270547748813888e-01,5.231980540684881831e+00,2.546076267067073906e-01,0.000000000000000000e+00,7.561251934591317614e-01,4.789626150138282412e+00
-2.922233473918270974e+01,2.503149603222824648e+00,2.917582253605477405e+01,-2.996952578316481208e+00,1.612863663853884855e-02,5.777498905606914814e-01,5.232091290001918082e+00,2.546070361701947560e-01,0.000000000000000000e+00,7.561251934591317614e-01,4.789626150138282412e+00
-2.922285602115855951e+01,2.497559437540136429e+00,2.917643745723750470e+01,-2.991378532587585681e+00,1.639988082641025136e-02,5.766569472644716976e-01,5.232203452004700495e+00,2.546064269080190456e-01,0.000000000000000000e+00,7.561251934591317614e-01,4.789626150138282412e+00
-2.922336864615204277e+01,2.492049773499569909e+00,2.917704237315770044e+01,-2.985884736799703010e+00,1.666721356739121751e-02,5.755797442167565059e-01,5.232313792060406143e+00,2.546058164907010202e-01,0.000000000000000000e+00,7.561251934591317614e-01,4.789626150138282412e+00
-2.922388013902547854e+01,2.486540004952567884e+00,2.917764615888605562e+01,-2.980390817384438673e+00,1.693454604563117416e-02,5.745025219460635491e-01,5.232423928967413040e+00,2.546051962052621742e-01,0.000000000000000000e+00,7.561251934591317614e-01,4.789626150138282412e+00
-2.922439795814538854e+01,2.480949519612217991e+00,2.917825762311072424e+01,-2.974816393511958257e+00,1.720578942985208359e-02,5.734095198518158742e-01,5.232535469592026978e+00,2.546045567591129766e-01,0.000000000000000000e+00,7.561251934591317614e-01,4.789626150138282412e+00
-2.922490717015027784e+01,2.475439541224975226e+00,2.917885913184339941e+01,-2.969322225732793807e+00,1.747312134472467360e-02,5.723322589602336530e-01,5.232645197221302169e+00,2.546039165932478254e-01,0.000000000000000000e+00,7.561251934591317614e-01,4.789626150138282412e+00
-2.922542267498753077e+01,2.469848843450419551e+00,2.917946828570697093e+01,-2.963747550337464620e+00,1.774436413423709225e-02,5.712392177522066516e-01,5.232756322574732444e+00,2.546032569759428821e-01,0.000000000000000000e+00,7.561251934591317614e-01,4.789626150138282412e+00
-2.922592960603720158e+01,2.464338656160748986e+00,2.918006751734158755e+01,-2.958253135129521816e+00,1.801169544024169844e-02,5.701619183818297243e-01,5.232865640915363770e+00,2.546025969299069436e-01,0.000000000000000000e+00,7.561251934591317614e-01,4.789626150138282412e+00
-2.922643540485946545e+01,2.458828365526447790e+00,2.918066561865754593e+01,-2.952758597452667999e+00,1.827902642713712111e-02,5.690845999644967845e-01,5.232974756093783597e+00,2.546019270160668757e-01,0.000000000000000000e+00,7.561251934591317614e-01,4.789626150138282412e+00
-2.922694744651226983e+01,2.453237351648786202e+00,2.918127131517499961e+01,-2.947183547458110286e+00,1.855026824053984669e-02,5.679915004970227388e-01,5.233085260027682040e+00,2.546012372157570591e-01,0.000000000000000000e+00,7.561251934591317614e-01,4.789626150138282412e+00
-2.922745096425032330e+01,2.447726853515759249e+00,2.918186713924039211e+01,-2.941688763752165148e+00,1.881759855046620522e-02,5.669141438135859579e-01,5.233193965901193678e+00,2.546005474221322840e-01,0.000000000000000000e+00,7.561251934591317614e-01,4.789626150138282412e+00
-2.922795334969716663e+01,2.442216252734709325e+00,2.918246183291165252e+01,-2.936193858271927137e+00,1.908492850748823300e-02,5.658367681887342959e-01,5.233302468604445146e+00,2.545998477608958921e-01,0.000000000000000000e+00,7.561251934591317614e-01,4.789626150138282412e+00
-2.922846192797038611e+01,2.436624924884778221e+00,2.918306407185216145e+01,-2.930618435802894162e+00,1.935616924140622086e-02,5.647436107846546260e-01,5.233412351094195003e+00,2.545991277781703976e-01,0.000000000000000000e+00,7.561251934591317614e-01,4.789626150138282412e+00
-2.922896203220492239e+01,2.431114118008521174e+00,2.918365648812125457e+01,-2.925123285693083552e+00,1.962349845337107990e-02,5.636661971063402499e-01,5.233520444476367217e+00,2.545984082375392643e-01,0.000000000000000000e+00,7.561251934591317614e-01,4.789626150138282412e+00
-2.922946829584755335e+01,2.425522581523368970e+00,2.918425641628909517e+01,-2.919547615489338277e+00,1.989473840827703233e-02,5.625730011640328598e-01,5.233629911651048516e+00,2.545976680847082951e-01,0.000000000000000000e+00,7.561251934591317614e-01,4.789626150138282412e+00
-2.922996611878468087e+01,2.420011569489619152e+00,2.918484655505520564e+01,-2.914052221685005328e+00,2.016206682969620689e-02,5.614955495743070291e-01,5.233737595701386525e+00,2.545969286649453767e-01,0.000000000000000000e+00,7.561251934591317614e-01,4.789626150138282412e+00
-2.923046280932509688e+01,2.414500455970376436e+00,2.918543556330221023e+01,-2.908556707265607333e+00,2.042939484181670318e-02,5.604180792193004246e-01,5.233845076568126586e+00,2.545961793778966920e-01,0.000000000000000000e+00,7.561251934591317614e-01,4.789626150138282412e+00
-2.923096560926552456e+01,2.408908609067996753e+00,2.918603203351093356e+01,-2.902980668132327580e+00,2.070063354478281215e-02,5.593248258789724758e-01,5.233953922257876812e+00,2.545954090436466366e-01,0.000000000000000000e+00,7.561251934591317614e-01,4.789626150138282412e+00
-2.923146001838188823e+01,2.403397291794886925e+00,2.918661876410480360e+01,-2.897484911418056974e+00,2.096796069827118469e-02,5.582473178251944335e-01,5.234060993776755488e+00,2.545946398778631825e-01,0.000000000000000000e+00,7.561251934591317614e-01,4.789626150138282412e+00
-2.923195329503889894e+01,2.397885873733018869e+00,2.918720436410525210e+01,-2.891989034783486012e+00,2.123528740866501008e-02,5.571697911116837432e-01,5.234167862104097679e+00,2.545938608449919704e-01,0.000000000000000000e+00,7.561251934591317614e-01,4.789626150138282412e+00
-2.923245263108548286e+01,2.392293718544589609e+00,2.918779737612752356e+01,-2.886412628845825612e+00,2.150652475631610605e-02,5.560764806961892015e-01,5.234276086284650020e+00,2.545930603299287331e-01,0.000000000000000000e+00,7.561251934591317614e-01,4.789626150138282412e+00
-2.923294362619266096e+01,2.386782098132509855e+00,2.918838069832554183e+01,-2.880916511316077067e+00,2.177385053999399134e-02,5.549989164965399846e-01,5.234382545248188912e+00,2.545922614187237643e-01,0.000000000000000000e+00,7.561251934591317614e-01,4.789626150138282412e+00
-2.923344064726692082e+01,2.381189738109579679e+00,2.918897139916974126e+01,-2.875339861433681143e+00,2.204508692427496752e-02,5.539055681186124680e-01,5.234490354070381102e+00,2.545914407346352437e-01,0.000000000000000000e+00,7.561251934591317614e-01,4.789626150138282412e+00
-2.923392936074071713e+01,2.375677916285189095e+00,2.918955244346607358e+01,-2.869843503944018437e+00,2.231241173574663450e-02,5.528279665748886407e-01,5.234596403659512731e+00,2.545906219453667463e-01,0.000000000000000000e+00,7.561251934591317614e-01,4.789626150138282412e+00
-2.923441694165158466e+01,2.370165994834766199e+00,2.919013235704592901e+01,-2.864347027693510572e+00,2.257973604772896270e-02,5.517503465475753766e-01,5.234702250043961058e+00,2.545897932893455562e-01,0.000000000000000000e+00,7.561251934591317614e-01,4.789626150138282412e+00
-2.923491049851525858e+01,2.364573330081328972e+00,2.919071959932736959e+01,-2.858770014552274752e+00,2.285097090424324795e-02,5.506569416330752142e-01,5.234809437316753744e+00,2.545889424254683675e-01,0.000000000000000000e+00,7.561251934591317614e-01,4.789626150138282412e+00
-2.923539579766841712e+01,2.359061208622402539e+00,2.919129723485769290e+01,-2.853273299741723612e+00,2.311829417593502800e-02,5.495792844743282446e-01,5.234914874310996780e+00,2.545880938917916558e-01,0.000000000000000000e+00,7.561251934591317614e-01,4.789626150138282412e+00
-2.923587996419714230e+01,2.353548988234304140e+00,2.919187373959836407e+01,-2.847776466865237666e+00,2.338561691434092038e-02,5.485016089375470694e-01,5.235020108092735214e+00,2.545872354915658109e-01,0.000000000000000000e+00,7.561251934591317614e-01,4.789626150138282412e+00
-2.923637005666213895e+01,2.347956020881778016e+00,2.919245752309325326e+01,-2.842199092590615095e+00,2.365685013971831341e-02,5.474081478093221209e-01,5.235126673792204421e+00,2.545863544485225671e-01,0.000000000000000000e+00,7.561251934591317614e-01,4.789626150138282412e+00
-2.923685194130970544e+01,2.342443601889059757e+00,2.919303174963742720e+01,-2.836702022554048241e+00,2.392417176974973025e-02,5.463304353537498104e-01,5.235231498168022135e+00,2.545854761710532044e-01,0.000000000000000000e+00,7.561251934591317614e-01,4.789626150138282412e+00
-2.923733971846697699e+01,2.336850433502545954e+00,2.919361322155518224e+01,-2.831124408124567449e+00,2.419540384743847083e-02,5.452369368387521842e-01,5.235337648466475535e+00,2.545845749600946784e-01,0.000000000000000000e+00,7.561251934591317614e-01,4.789626150138282412e+00
-2.923781932115130644e+01,2.331337816844010202e+00,2.919418516980505629e+01,-2.825627101864107704e+00,2.446272432356863535e-02,5.441591876066058653e-01,5.235442063425906234e+00,2.545836768056595201e-01,0.000000000000000000e+00,7.561251934591317614e-01,4.789626150138282412e+00
-2.923829779110960203e+01,2.325825102418622503e+00,2.919475598714420173e+01,-2.820129678696796205e+00,2.473004421004688924e-02,5.430814201724610824e-01,5.235546275159886243e+00,2.545827687850193977e-01,0.000000000000000000e+00,7.561251934591317614e-01,4.789626150138282412e+00
-2.923878210355734808e+01,2.320231634988886071e+00,2.919533399990498879e+01,-2.814551706679894405e+00,2.500127448415903619e-02,5.419878659823084144e-01,5.235651803845398966e+00,2.545818373959471970e-01,0.000000000000000000e+00,7.561251934591317614e-01,4.789626150138282412e+00
-2.923925829143042776e+01,2.314718724301427333e+00,2.919590253880433650e+01,-2.809054048688540473e+00,2.526859314866559958e-02,5.409100619841842317e-01,5.235755606147427521e+00,2.545809094987602217e-01,0.000000000000000000e+00,7.561251934591317614e-01,4.789626150138282412e+00
-2.923973334651712008e+01,2.309205716544101339e+00,2.919646994672092788e+01,-2.803556274485389022e+00,2.553591118972307894e-02,5.398322398896241436e-01,5.235859205216295109e+00,2.545799717355771152e-01,0.000000000000000000e+00,7.561251934591317614e-01,4.789626150138282412e+00
-2.924021419407074163e+01,2.303611952203153290e+00,2.919704450010443608e+01,-2.797977947007170840e+00,2.580713955687627403e-02,5.387386303472286864e-01,5.235964112265286019e+00,2.545790101690305063e-01,0.000000000000000000e+00,7.561251934591317614e-01,4.789626150138282412e+00
-2.924068696695108471e+01,2.298098749587864642e+00,2.919760962943658100e+01,-2.792479939380203113e+00,2.607445630787814939e-02,5.376607719013417608e-01,5.236067301886716763e+00,2.545780525297237640e-01,0.000000000000000000e+00,7.561251934591317614e-01,4.789626150138282412e+00
-2.924116549886781868e+01,2.292504788014440464e+00,2.919818187085010663e+01,-2.786901375538107128e+00,2.634568334300528558e-02,5.365671255479365076e-01,5.236171793492647275e+00,2.545770707964018498e-01,0.000000000000000000e+00,7.561251934591317614e-01,4.789626150138282412e+00
-2.924163598946136844e+01,2.286991391479312075e+00,2.919874472150163669e+01,-2.781403135422860107e+00,2.661299875846513674e-02,5.354892308927848843e-01,5.236274573656344522e+00,2.545760932812564104e-01,0.000000000000000000e+00,7.561251934591317614e-01,4.789626150138282412e+00
-2.924210534716879550e+01,2.281477899037350987e+00,2.919930644105119910e+01,-2.775904780255644688e+00,2.688031349408420700e-02,5.344113183173444526e-01,5.236377150574111461e+00,2.545751059004681682e-01,0.000000000000000000e+00,7.561251934591317614e-01,4.789626150138282412e+00
-2.924258041388641516e+01,2.275883644109303106e+00,2.919987522272287350e+01,-2.770325864499017410e+00,2.715153844980532083e-02,5.333176171503215546e-01,5.236481020504477613e+00,2.545740939907521483e-01,0.000000000000000000e+00,7.561251934591317614e-01,4.789626150138282412e+00
-2.924304748918735442e+01,2.270369959151733674e+00,2.920043466344860406e+01,-2.764827278243896735e+00,2.741885178179925830e-02,5.322396685782719850e-01,5.236583187949167773e+00,2.545730867345552539e-01,0.000000000000000000e+00,7.561251934591317614e-01,4.789626150138282412e+00
-2.924351343154298988e+01,2.264856178984344215e+00,2.920099297300150809e+01,-2.759328577631908974e+00,2.768616440015937707e-02,5.311617021914853964e-01,5.236685152140333699e+00,2.545720696129298855e-01,0.000000000000000000e+00,7.561251934591317614e-01,4.789626150138282412e+00
-2.924398503288043827e+01,2.259261632833743594e+00,2.920155829471455533e+01,-2.753749312086976264e+00,2.795738717310577992e-02,5.300679465337182483e-01,5.236788400371905183e+00,2.545710275274757906e-01,0.000000000000000000e+00,7.561251934591317614e-01,4.789626150138282412e+00
-2.924444869271076897e+01,2.253747661555050907e+00,2.920211432530128803e+01,-2.748250381787544772e+00,2.822469831975821242e-02,5.289899443629801912e-01,5.236889955074738978e+00,2.545699905308758670e-01,0.000000000000000000e+00,7.561251934591317614e-01,4.789626150138282412e+00
-2.924491797808850890e+01,2.248152921973543439e+00,2.920267733465785298e+01,-2.742670883669879434e+00,2.849591957636798956e-02,5.278961524698869701e-01,5.236992787821830753e+00,2.545689282798160868e-01,0.000000000000000000e+00,7.561251934591317614e-01,4.789626150138282412e+00
-2.924537935531457578e+01,2.242638760522637664e+00,2.920323108618372387e+01,-2.737171724619533286e+00,2.876322920578670839e-02,5.268181146574267837e-01,5.237093933026172543e+00,2.545678714085340966e-01,0.000000000000000000e+00,7.561251934591317614e-01,4.789626150138282412e+00
-2.924583959949758949e+01,2.237124505024247423e+00,2.920378370641954291e+01,-2.731672452371484816e+00,2.903053806522284952e-02,5.257400592062124733e-01,5.237194874964425928e+00,2.545668046721859534e-01,0.000000000000000000e+00,7.561251934591317614e-01,4.789626150138282412e+00
-2.924630541919604809e+01,2.231529477777294712e+00,2.920434325545878451e+01,-2.726092608012918195e+00,2.930175696661335705e-02,5.246462133610182432e-01,5.237297085974260469e+00,2.545657122464964894e-01,0.000000000000000000e+00,7.561251934591317614e-01,4.789626150138282412e+00
-2.924676338065742698e+01,2.226015033511142605e+00,2.920489359649284467e+01,-2.720593108414587569e+00,2.956906424073295347e-02,5.235681224807473555e-01,5.237397618398905941e+00,2.545646256359072601e-01,0.000000000000000000e+00,7.561251934591317614e-01,4.789626150138282412e+00
-2.924722020901772268e+01,2.220500495894613735e+00,2.920544280616714516e+01,-2.715093496313771393e+00,2.983637071107772543e-02,5.224900140672766868e-01,5.237497947549982769e+00,2.545635291604717576e-01,0.000000000000000000e+00,7.561251934591317614e-01,4.789626150138282412e+00
-2.924768256285936374e+01,2.214905183114581178e+00,2.920599889467580823e+01,-2.709513307840881957e+00,3.010758715388252293e-02,5.213961145928623919e-01,5.237599536799677935e+00,2.545624065608251829e-01,0.000000000000000000e+00,7.561251934591317614e-01,4.789626150138282412e+00
-2.924813710838153114e+01,2.209390458134788737e+00,2.920654582500832674e+01,-2.704013469790477853e+00,3.037489197082975101e-02,5.203179709629981442e-01,5.237699456422118871e+00,2.545612902115937382e-01,0.000000000000000000e+00,7.561251934591317614e-01,4.789626150138282412e+00
-2.924859714594692406e+01,2.203794955725847604e+00,2.920709960078026768e+01,-2.698433052536536536e+00,3.064610671299611289e-02,5.192240358289368363e-01,5.237800630146537628e+00,2.545601474475409076e-01,0.000000000000000000e+00,7.561251934591317614e-01,4.789626150138282412e+00
-2.924904940855361701e+01,2.198280044321148541e+00,2.920764425167794087e+01,-2.692932989472367922e+00,3.091340983106261042e-02,5.181458571247432587e-01,5.237900140230351553e+00,2.545590112248132253e-01,0.000000000000000000e+00,7.561251934591317614e-01,4.789626150138282412e+00
-2.924950053796333194e+01,2.192765040729476755e+00,2.920818777110046582e+01,-2.687432815065977199e+00,3.118071208896278090e-02,5.170676610635148718e-01,5.237999447028207634e+00,2.545578651376109169e-01,0.000000000000000000e+00,7.561251934591317614e-01,4.789626150138282412e+00
-2.924995710937865923e+01,2.187169256345313340e+00,2.920873808598897625e+01,-2.681852057245967202e+00,3.145192420009017276e-02,5.159736728389414662e-01,5.238099998954596437e+00,2.545566922007372335e-01,0.000000000000000000e+00,7.561251934591317614e-01,4.789626150138282412e+00
-2.925040595575788416e+01,2.181654067733041380e+00,2.920927932583811426e+01,-2.676351659226339663e+00,3.171922469104473952e-02,5.148954419159890161e-01,5.238198896198944077e+00,2.545555262404904928e-01,0.000000000000000000e+00,7.561251934591317614e-01,4.789626150138282412e+00
-2.925085366888321303e+01,2.176138787631357818e+00,2.920981943414350468e+01,-2.670851150560177967e+00,3.198652428802413461e-02,5.138171937416288193e-01,5.238297590149958438e+00,2.545543504159945569e-01,0.000000000000000000e+00,7.561251934591317614e-01,4.789626150138282412e+00
-2.925130677397449119e+01,2.170542723404314422e+00,2.921036628793887857e+01,-2.665270054300715508e+00,3.225773366476382409e-02,5.127231527493714136e-01,5.238397520255785977e+00,2.545531473069893580e-01,0.000000000000000000e+00,7.561251934591317614e-01,4.789626150138282412e+00
-2.925175220395516007e+01,2.165027259686694627e+00,2.921090411653317531e+01,-2.659769323422216392e+00,3.252503142671950287e-02,5.116448699259507071e-01,5.238495804638495734e+00,2.545519516099052915e-01,0.000000000000000000e+00,7.561251934591317614e-01,4.789626150138282412e+00
-2.925220299245987476e+01,2.159431009633925314e+00,2.921144865721780448e+01,-2.654188002174671990e+00,3.279623891849103856e-02,5.105507938498703435e-01,5.238595319178856791e+00,2.545507283377231866e-01,0.000000000000000000e+00,7.561251934591317614e-01,4.789626150138282412e+00
-2.925264613922001899e+01,2.153915363239737868e+00,2.921198420600941148e+01,-2.648687050020696265e+00,3.306353479989811162e-02,5.094724765196299021e-01,5.238693193983405827e+00,2.545495127683581327e-01,0.000000000000000000e+00,7.561251934591317614e-01,4.789626150138282412e+00
-2.925308815263236895e+01,2.148399626518813665e+00,2.921251862314389314e+01,-2.643185988379754825e+00,3.333082973098284996e-02,5.083941421139777095e-01,5.238790865482435777e+00,2.545482873351243014e-01,0.000000000000000000e+00,7.561251934591317614e-01,4.789626150138282412e+00
-2.925353547452568748e+01,2.142803100181210674e+00,2.921305970238843130e+01,-2.637604332241298977e+00,3.360203431593190848e-02,5.073000138088784583e-01,5.238889758164932076e+00,2.545470338919748610e-01,0.000000000000000000e+00,7.561251934591317614e-01,4.789626150138282412e+00
-2.925397520460478873e+01,2.137287182188523094e+00,2.921359183958396244e+01,-2.632103050725944193e+00,3.386932729838994238e-02,5.062216451090779668e-01,5.238987020071142808e+00,2.545457885869230608e-01,0.000000000000000000e+00,7.561251934591317614e-01,4.789626150138282412e+00
-2.925441380128037139e+01,2.131771174566392091e+00,2.921412284505496615e+01,-2.626601660419065176e+00,3.413661929673525441e-02,5.051432594394249520e-01,5.239084078664580701e+00,2.545445334182333541e-01,0.000000000000000000e+00,7.561251934591317614e-01,4.789626150138282412e+00
-2.925485765639180968e+01,2.126174374076869267e+00,2.921466046265319250e+01,-2.621019671516945149e+00,3.440782087150201507e-02,5.040490792281985266e-01,5.239182349467021993e+00,2.545432498048224579e-01,0.000000000000000000e+00,7.561251934591317614e-01,4.789626150138282412e+00
-2.925529396962229001e+01,2.120658186587824900e+00,2.921518918804985887e+01,-2.615518062736777338e+00,3.467511085314436969e-02,5.029706594770657624e-01,5.239278998453071878e+00,2.545419747647820197e-01,0.000000000000000000e+00,7.561251934591317614e-01,4.789626150138282412e+00
-2.925573550784319821e+01,2.115061204075665113e+00,2.921572449216966305e+01,-2.609935852639559961e+00,3.494631035864738389e-02,5.018764447577377386e-01,5.239376853650484556e+00,2.545406709894533215e-01,0.000000000000000000e+00,7.561251934591317614e-01,4.789626150138282412e+00
-2.925616953755433869e+01,2.109544837658336114e+00,2.921625093740201962e+01,-2.604434026322251849e+00,3.521359827810503773e-02,5.007979910672011314e-01,5.239473093019460848e+00,2.545393760783765114e-01,0.000000000000000000e+00,7.561251934591317614e-01,4.789626150138282412e+00
-2.925660243376990977e+01,2.104028382775254169e+00,2.921677625079830776e+01,-2.598932092374033331e+00,3.548088515706263046e-02,4.997195205829811360e-01,5.239569129063652575e+00,2.545380713040515386e-01,0.000000000000000000e+00,7.561251934591317614e-01,4.789626150138282412e+00
-2.925704050492746688e+01,2.098431129669734663e+00,2.921730809293071829e+01,-2.593349553062306079e+00,3.575208147995130592e-02,4.986252544962129774e-01,5.239666362344281403e+00,2.545367373596533755e-01,0.000000000000000000e+00,7.561251934591317614e-01,4.789626150138282412e+00
-2.925747111751330110e+01,2.092914497263355766e+00,2.921783112602876642e+01,-2.587847402978234790e+00,3.601936622864816695e-02,4.975467502852655710e-01,5.239761988756971078e+00,2.545354127147661516e-01,0.000000000000000000e+00,7.561251934591317614e-01,4.789626150138282412e+00
-2.925790059654897490e+01,2.087397777088631834e+00,2.921835302722446670e+01,-2.582345145958828248e+00,3.628664990305435767e-02,4.964682293862008877e-01,5.239857411837730794e+00,2.545340782068668539e-01,0.000000000000000000e+00,7.561251934591317614e-01,4.789626150138282412e+00
-2.925833520047622827e+01,2.081800255522944010e+00,2.921888140716679061e+01,-2.576762279560175450e+00,3.655784293997198231e-02,4.953739122548928564e-01,5.239954023179735465e+00,2.545327140941221478e-01,0.000000000000000000e+00,7.561251934591317614e-01,4.789626150138282412e+00
-2.925876239577264215e+01,2.076283359229978753e+00,2.921940102793118754e+01,-2.571259807806284936e+00,3.682512441604217368e-02,4.942953578417791927e-01,5.240049036614650824e+00,2.545313597161387165e-01,0.000000000000000000e+00,7.561251934591317614e-01,4.789626150138282412e+00
-2.925919468251161248e+01,2.070685659446001470e+00,2.921992709403360422e+01,-2.565676724006881848e+00,3.709631519936903987e-02,4.932010067782541807e-01,5.240145232312673151e+00,2.545299754427652883e-01,0.000000000000000000e+00,7.561251934591317614e-01,4.789626150138282412e+00
-2.925961959399606016e+01,2.065168587973546188e+00,2.922044443427827076e+01,-2.560174038454803735e+00,3.736359443162270977e-02,4.921224189931707738e-01,5.240239836092208670e+00,2.545286011950194660e-01,0.000000000000000000e+00,7.561251934591317614e-01,4.789626150138282412e+00
-2.926004337184023996e+01,2.059651429896559360e+00,2.922096064251098113e+01,-2.554671247128160516e+00,3.763087253320161751e-02,4.910438146961388362e-01,5.240334236527995238e+00,2.545272170846606397e-01,0.000000000000000000e+00,7.561251934591317614e-01,4.789626150138282412e+00
-2.926047219107331898e+01,2.054053465211383767e+00,2.922148324608809844e+01,-2.549087839791496890e+00,3.790205985813316358e-02,4.899494131267642105e-01,5.240429810251243659e+00,2.545258026441603594e-01,0.000000000000000000e+00,7.561251934591317614e-01,4.789626150138282412e+00
-2.926089368499744126e+01,2.048536133360360889e+00,2.922199717366944327e+01,-2.543584836068458532e+00,3.816933564780784771e-02,4.888707756705003016e-01,5.240523801017446637e+00,2.545243986645243095e-01,0.000000000000000000e+00,7.561251934591317614e-01,4.789626150138282412e+00
-2.926131404522789836e+01,2.043018715601754298e+00,2.922250996917375687e+01,-2.538081727265991017e+00,3.843661027304483280e-02,4.877921218077490018e-01,5.240617588432880503e+00,2.545229848225167291e-01,0.000000000000000000e+00,7.561251934591317614e-01,4.789626150138282412e+00
-2.926173939679165770e+01,2.037420488148889319e+00,2.922302911002640613e+01,-2.532497998520027327e+00,3.870779403622552628e-02,4.866976700554423996e-01,5.240712540159859323e+00,2.545215402156292273e-01,0.000000000000000000e+00,7.561251934591317614e-01,4.789626150138282412e+00
-2.926215747299483283e+01,2.031902898021718862e+00,2.922353962474858236e+01,-2.526994678722989107e+00,3.897506628147377750e-02,4.856189832461893507e-01,5.240805917891592003e+00,2.545201065048336431e-01,0.000000000000000000e+00,7.561251934591317614e-01,4.789626150138282412e+00
-2.926257441545135407e+01,2.026385222684494281e+00,2.922404900732905375e+01,-2.521491254542244764e+00,3.924233732849530254e-02,4.845402801360188527e-01,5.240899092265570047e+00,2.545186629319103888e-01,0.000000000000000000e+00,7.561251934591317614e-01,4.789626150138282412e+00
-2.926299629918367984e+01,2.020786734597501244e+00,2.922456468525937368e+01,-2.515907206515016536e+00,3.951351742657328858e-02,4.834457785236905836e-01,5.240993421974914135e+00,2.545171881593813468e-01,0.000000000000000000e+00,7.561251934591317614e-01,4.789626150138282412e+00
-2.926341095750657573e+01,2.015268888297012229e+00,2.922507178692781693e+01,-2.510403572741368272e+00,3.978078602553399012e-02,4.823670426797037614e-01,5.241086186651160439e+00,2.545157247181633609e-01,0.000000000000000000e+00,7.561251934591317614e-01,4.789626150138282412e+00
-2.926383052365164161e+01,2.009670227221389549e+00,2.922558515053163930e+01,-2.504819312529477759e+00,4.005196361668363070e-02,4.812725079266484962e-01,5.241180100663996200e+00,2.545142297868260295e-01,0.000000000000000000e+00,7.561251934591317614e-01,4.789626150138282412e+00
-2.926424289777035881e+01,2.004152210896595676e+00,2.922608997120176966e+01,-2.499315470099467529e+00,4.031922972210304212e-02,4.801937394909386869e-01,5.241272455633186667e+00,2.545127464776451576e-01,0.000000000000000000e+00,7.561251934591317614e-01,4.789626150138282412e+00
-2.926465413805494364e+01,1.998634110525762342e+00,2.922659365962321942e+01,-2.493811524446767347e+00,4.058649457291418905e-02,4.791149549304855038e-01,5.241364607233061079e+00,2.545112533067480087e-01,0.000000000000000000e+00,7.561251934591317614e-01,4.789626150138282412e+00
-2.926507023610108504e+01,1.993035192375571585e+00,2.922710355997758569e+01,-2.488226948504003389e+00,4.085766832654627589e-02,4.780203708561124309e-01,5.241457899192909942e+00,2.545097282110273529e-01,0.000000000000000000e+00,7.561251934591317614e-01,4.789626150138282412e+00
-2.926547919207660797e+01,1.987516923385792778e+00,2.922760496727229551e+01,-2.482722795596693288e+00,4.112493061574797049e-02,4.769415539166154128e-01,5.241549641071842736e+00,2.545082151726674735e-01,0.000000000000000000e+00,7.561251934591317614e-01,4.789626150138282412e+00
-2.926588701416614668e+01,1.981998571047639546e+00,2.922810524225478446e+01,-2.477218540162571259e+00,4.139219161655122159e-02,4.758627209579571193e-01,5.241641179574587639e+00,2.545066922728406733e-01,0.000000000000000000e+00,7.561251934591317614e-01,4.789626150138282412e+00
-2.926629964395477401e+01,1.976399397956728254e+00,2.922861167916535763e+01,-2.471633650617316214e+00,4.166336142931659214e-02,4.747680878851888164e-01,5.241733849460429973e+00,2.545051370134990831e-01,0.000000000000000000e+00,7.561251934591317614e-01,4.789626150138282412e+00
-2.926670518163124513e+01,1.970880878405077086e+00,2.922910967289355355e+01,-2.466129189330438010e+00,4.193061980044206216e-02,4.736892227601722793e-01,5.241824978228430076e+00,2.545035942467137047e-01,0.000000000000000000e+00,7.561251934591317614e-01,4.789626150138282412e+00
-2.926711549354979525e+01,1.965281536131112450e+00,2.922961379513105129e+01,-2.460544091396347888e+00,4.220178692196271952e-02,4.725945571226130015e-01,5.241917232380275848e+00,2.545020188299237374e-01,0.000000000000000000e+00,7.561251934591317614e-01,4.789626150138282412e+00
-2.926751874674418019e+01,1.959762850304965554e+00,2.923010950752020420e+01,-2.455039425193324742e+00,4.246904261793507662e-02,4.715156599733207887e-01,5.242007951404364263e+00,2.545004561965191758e-01,0.000000000000000000e+00,7.561251934591317614e-01,4.789626150138282412e+00
-2.926792086596703513e+01,1.954244082294648965e+00,2.923060408749208250e+01,-2.449534657624728773e+00,4.273629696912732701e-02,4.704367469810550872e-01,5.242098467040891663e+00,2.544988837020681349e-01,0.000000000000000000e+00,7.561251934591317614e-01,4.789626150138282412e+00
-2.926832770936646000e+01,1.948644488639982075e+00,2.923110474596453301e+01,-2.443949249639096433e+00,4.300745997737186188e-02,4.693420328838219246e-01,5.242190099083955168e+00,2.544972781229432601e-01,0.000000000000000000e+00,7.561251934591317614e-01,4.789626150138282412e+00
-2.926872754400467613e+01,1.943125555760771617e+00,2.923159704447126828e+01,-2.438444278556388234e+00,4.327471158534207385e-02,4.682630880799787954e-01,5.242280204962909806e+00,2.544956857623841273e-01,0.000000000000000000e+00,7.561251934591317614e-01,4.789626150138282412e+00
-2.926912624462066503e+01,1.937606541395019644e+00,2.923208821049834327e+01,-2.432939206803967913e+00,4.354196181474914717e-02,4.671841275387229042e-01,5.242370107447545280e+00,2.544940835410332558e-01,0.000000000000000000e+00,7.561251934591317614e-01,4.789626150138282412e+00
-2.926952961934591713e+01,1.932006698493756280e+00,2.923258540501494451e+01,-2.427353490895493238e+00,4.381312060637251871e-02,4.660893653047462615e-01,5.242461117361155054e+00,2.544924478003526835e-01,0.000000000000000000e+00,7.561251934591317614e-01,4.789626150138282412e+00
-2.926992603527557435e+01,1.926487520664774689e+00,2.923307428945163622e+01,-2.421848217031072004e+00,4.408036802448961344e-02,4.650103731646131333e-01,5.242550610074646400e+00,2.544908257134090301e-01,0.000000000000000000e+00,7.561251934591317614e-01,4.789626150138282412e+00
-2.927032709185427350e+01,1.920887512385559104e+00,2.923356916895493285e+01,-2.416262296529223530e+00,4.435152394060433434e-02,4.639155789416125608e-01,5.242641204217401096e+00,2.544891698166692473e-01,0.000000000000000000e+00,7.561251934591317614e-01,4.789626150138282412e+00
-2.927072122303009039e+01,1.915368172033301342e+00,2.923405577171797987e+01,-2.410756821490386503e+00,4.461876850191741350e-02,4.628365553448519076e-01,5.242730287150717317e+00,2.544875278644796457e-01,0.000000000000000000e+00,7.561251934591317614e-01,4.789626150138282412e+00
-2.927111422010009534e+01,1.909848751358246277e+00,2.923454124189828107e+01,-2.405251246942649690e+00,4.488601162831702684e-02,4.617575161867534250e-01,5.242819166678536646e+00,2.544858760519277396e-01,0.000000000000000000e+00,7.561251934591317614e-01,4.789626150138282412e+00
-2.927151180774890804e+01,1.904248497392637685e+00,2.923503265713036825e+01,-2.399665022069193299e+00,4.515716315541980219e-02,4.606626743656964673e-01,5.242909138657647183e+00,2.544841899949460418e-01,0.000000000000000000e+00,7.561251934591317614e-01,4.789626150138282412e+00
-2.927190251996484704e+01,1.898728915599786848e+00,2.923551584551325888e+01,-2.394159247748993025e+00,4.542440335696319720e-02,4.595836039636174708e-01,5.242997608391863906e+00,2.544825183176701033e-01,0.000000000000000000e+00,7.561251934591317614e-01,4.789626150138282412e+00
-2.927229209802544219e+01,1.893209254181922319e+00,2.923599790125217979e+01,-2.388653374615928637e+00,4.569164208980802666e-02,4.585045181057781361e-01,5.243085874713941941e+00,2.544808367802921523e-01,0.000000000000000000e+00,7.561251934591317614e-01,4.789626150138282412e+00
-2.927268621659282033e+01,1.887608756664565179e+00,2.923648585202574424e+01,-2.383066847500161067e+00,4.596278912454426768e-02,4.574096290096590356e-01,5.243175224509076138e+00,2.544791205638645137e-01,0.000000000000000000e+00,7.561251934591317614e-01,4.789626150138282412e+00
-2.927307350969998367e+01,1.882088935534662166e+00,2.923696562584433067e+01,-2.377560775996876430e+00,4.623002486447132242e-02,4.563305121205302184e-01,5.243263081024207573e+00,2.544774191622888870e-01,0.000000000000000000e+00,7.561251934591317614e-01,4.789626150138282412e+00
-2.927345966860268689e+01,1.876569035477606562e+00,2.923744426695814624e+01,-2.372054606376848174e+00,4.649725910191301881e-02,4.552513798812288237e-01,5.243350734120597600e+00,2.544757079008735379e-01,0.000000000000000000e+00,7.561251934591317614e-01,4.789626150138282412e+00
-2.927385031793842884e+01,1.870968296542879106e+00,2.923792875308722472e+01,-2.366467779147823247e+00,4.676840154094719093e-02,4.541564438329743214e-01,5.243439461711561833e+00,2.544739615258020948e-01,0.000000000000000000e+00,7.561251934591317614e-01,4.789626150138282412e+00
-2.927423419178921549e+01,1.865448238179651108e+00,2.923840511215866655e+01,-2.360961412559941408e+00,4.703563271740845986e-02,4.530772807750857445e-01,5.243526704987746534e+00,2.544722304007194236e-01,0.000000000000000000e+00,7.561251934591317614e-01,4.789626150138282412e+00
-2.927462252260854925e+01,1.859847339099575114e+00,2.923888728281692551e+01,-2.355374385957066163e+00,4.730677202759085709e-02,4.519823135295197858e-01,5.243615016758184311e+00,2.544704638715475919e-01,0.000000000000000000e+00,7.561251934591317614e-01,4.789626150138282412e+00
-2.927500411134208846e+01,1.854327123369511332e+00,2.923936135976492068e+01,-2.349867823338336770e+00,4.757400009759751858e-02,4.509031197951484660e-01,5.243701850205355619e+00,2.544687128831542577e-01,0.000000000000000000e+00,7.561251934591317614e-01,4.789626150138282412e+00
-2.927538456579019055e+01,1.848806829876752378e+00,2.923983430390766003e+01,-2.344361163764433265e+00,4.784122660874634558e-02,4.498239108867880809e-01,5.243788480222860038e+00,2.544669520353632919e-01,0.000000000000000000e+00,7.561251934591317614e-01,4.789626150138282412e+00
-2.927576942713024977e+01,1.843205692940340867e+00,2.924031300961412683e+01,-2.338773840600503195e+00,4.811236115083367126e-02,4.487288972278425381e-01,5.243876169755723460e+00,2.544651553488997409e-01,0.000000000000000000e+00,7.561251934591317614e-01,4.789626150138282412e+00
-2.927614759636406205e+01,1.837685243486688602e+00,2.924078367151282265e+01,-2.333266986398220055e+00,4.837958448746827733e-02,4.476496578557001560e-01,5.243962389931096979e+00,2.544633746383354045e-01,0.000000000000000000e+00,7.561251934591317614e-01,4.789626150138282412e+00
-2.927652463126448978e+01,1.832164716968234019e+00,2.924125320054661969e+01,-2.327760035936933924e+00,4.864680623146215577e-02,4.465704034151494750e-01,5.244048406670315465e+00,2.544615840686411667e-01,0.000000000000000000e+00,7.561251934591317614e-01,4.789626150138282412e+00
-2.927690602297859002e+01,1.826563344310156989e+00,2.924172844111885183e+01,-2.322172418341354572e+00,4.891793590212127618e-02,4.454753436657681864e-01,5.244135473945758186e+00,2.544597572257046858e-01,0.000000000000000000e+00,7.561251934591317614e-01,4.789626150138282412e+00
-2.927728077256855599e+01,1.821042663236835280e+00,2.924219568778887890e+01,-2.316665274654254869e+00,4.918515440354137569e-02,4.443960589741426936e-01,5.244221080829816195e+00,2.544579467937784778e-01,0.000000000000000000e+00,7.561251934591317614e-01,4.789626150138282412e+00
-2.927765984550472567e+01,1.815441134239655030e+00,2.924266861256499084e+01,-2.311077461481683581e+00,4.945628076109968851e-02,4.433009686032675645e-01,5.244307732249343879e+00,2.544560997982019401e-01,0.000000000000000000e+00,7.561251934591317614e-01,4.789626150138282412e+00
-2.927803230972040893e+01,1.809920299551627032e+00,2.924313357679167424e+01,-2.305570125506625878e+00,4.972349597443928571e-02,4.422216538028154731e-01,5.244392929269571901e+00,2.544542695044078040e-01,0.000000000000000000e+00,7.561251934591317614e-01,4.789626150138282412e+00
-2.927840363952369529e+01,1.804399388962666828e+00,2.924359740805494567e+01,-2.300062694433581356e+00,4.999070953880307977e-02,4.411423241100023152e-01,5.244477922842920137e+00,2.544524293519348501e-01,0.000000000000000000e+00,7.561251934591317614e-01,4.789626150138282412e+00
-2.927877924259216158e+01,1.798797627805257537e+00,2.924406686739540717e+01,-2.294474590382063806e+00,5.026183085254835869e-02,4.400471881874598035e-01,5.244563951972201821e+00,2.544505522012653898e-01,0.000000000000000000e+00,7.561251934591317614e-01,4.789626150138282412e+00
-2.927914828692645344e+01,1.793276565007715151e+00,2.924452841609706510e+01,-2.288966968423750359e+00,5.052904106077421575e-02,4.389678285985303963e-01,5.244648535668834377e+00,2.544486921874729579e-01,0.000000000000000000e+00,7.561251934591317614e-01,4.789626150138282412e+00
-2.927951619680155204e+01,1.787755427007139852e+00,2.924498883177681918e+01,-2.283459252063647860e+00,5.079624958624644193e-02,4.378884542228091425e-01,5.244732915912210025e+00,2.544468223152747122e-01,0.000000000000000000e+00,7.561251934591317614e-01,4.789626150138282412e+00
-2.927988832985915835e+01,1.782153435824408882e+00,2.924545482550270492e+01,-2.277870859262886238e+00,5.106736575285066027e-02,4.367932730715501366e-01,5.244818322731742199e+00,2.544449150103478274e-01,0.000000000000000000e+00,7.561251934591317614e-01,4.789626150138282412e+00
-2.928025395417141041e+01,1.776632147021504959e+00,2.924591295850342831e+01,-2.272362953420346887e+00,5.133457085412529430e-02,4.357138690124389147e-01,5.244902293085599077e+00,2.544430252773825507e-01,0.000000000000000000e+00,7.561251934591317614e-01,4.789626150138282412e+00
-2.928061844397810631e+01,1.771110783713543135e+00,2.924636995842419296e+01,-2.266854953872298850e+00,5.160177423886681825e-02,4.346344502721152248e-01,5.244986059979867221e+00,2.544411256862866288e-01,0.000000000000000000e+00,7.561251934591317614e-01,4.789626150138282412e+00
-2.928098710688303186e+01,1.765508564640486888e+00,2.924683248635790989e+01,-2.261266274452108149e+00,5.187288515500386443e-02,4.335392242150940545e-01,5.245070844470277827e+00,2.544391882279440908e-01,0.000000000000000000e+00,7.561251934591317614e-01,4.789626150138282412e+00
-2.928134931103389960e+01,1.759987051936435787e+00,2.924728720348310773e+01,-2.255758086824456665e+00,5.214008504749292894e-02,4.324597760040942429e-01,5.245154201462308485e+00,2.544372687766376373e-01,0.000000000000000000e+00,7.561251934591317614e-01,4.789626150138282412e+00
-2.928171565481159533e+01,1.754384681757994668e+00,2.924774741518371357e+01,-2.250169217048259451e+00,5.241119239722843992e-02,4.313645201172790489e-01,5.245238570049155058e+00,2.544353111677108426e-01,0.000000000000000000e+00,7.561251934591317614e-01,4.789626150138282412e+00
-2.928207557324502019e+01,1.748863020597055673e+00,2.924819984943598428e+01,-2.244660842277939494e+00,5.267838875201467930e-02,4.302850425776404419e-01,5.245321517130507871e+00,2.544333718565677249e-01,0.000000000000000000e+00,7.561251934591317614e-01,4.789626150138282412e+00
-2.928243435709646647e+01,1.743341286096158349e+00,2.924865115051235520e+01,-2.239152374964398895e+00,5.294558333388572902e-02,4.292055505330482634e-01,5.245404260741792335e+00,2.544314226877579799e-01,0.000000000000000000e+00,7.561251934591317614e-01,4.789626150138282412e+00
-2.928279723048781591e+01,1.737738691589411966e+00,2.924910789612744466e+01,-2.233563222122195935e+00,5.321668526077895367e-02,4.281102502792654696e-01,5.245488006967484296e+00,2.544294349268337863e-01,0.000000000000000000e+00,7.561251934591317614e-01,4.789626150138282412e+00
-2.928315372853029430e+01,1.732216810037960464e+00,2.924955691421580184e+01,-2.228054569068938839e+00,5.348387623689457304e-02,4.270307291187515064e-01,5.245570340655515196e+00,2.544274658987507598e-01,0.000000000000000000e+00,7.561251934591317614e-01,4.789626150138282412e+00
-2.928350909194557516e+01,1.726694855844649545e+00,2.925000479907134476e+01,-2.222545824168885353e+00,5.375106540631495455e-02,4.259511935588753406e-01,5.245652470867256056e+00,2.544254870132816038e-01,0.000000000000000000e+00,7.561251934591317614e-01,4.789626150138282412e+00
-2.928386849481229248e+01,1.721092039144775487e+00,2.925045807842685619e+01,-2.216956390390731002e+00,5.402216180704760840e-02,4.248558492610770010e-01,5.245735594712772176e+00,2.544234691012185468e-01,0.000000000000000000e+00,7.561251934591317614e-01,4.789626150138282412e+00
-2.928422157232795797e+01,1.715569939307276526e+00,2.925090368018017273e+01,-2.211447461153960514e+00,5.428934730266243847e-02,4.237762847979932856e-01,5.245817314988772573e+00,2.544214703570437108e-01,0.000000000000000000e+00,7.561251934591317614e-01,4.789626150138282412e+00
-2.928457865582083031e+01,1.709966975309517245e+00,2.925135464299216537e+01,-2.205857840818165272e+00,5.456043995275378089e-02,4.226809112463016382e-01,5.245900022896797132e+00,2.544194322959272281e-01,0.000000000000000000e+00,7.561251934591317614e-01,4.789626150138282412e+00
-2.928492944737674719e+01,1.704444730768352567e+00,2.925179796156736955e+01,-2.200348728182956570e+00,5.482762172905616960e-02,4.216013180222895618e-01,5.245981333228748156e+00,2.544174136934283514e-01,0.000000000000000000e+00,7.561251934591317614e-01,4.789626150138282412e+00
-2.928527910423103009e+01,1.698922414749425736e+00,2.925224014681581508e+01,-2.194839524862272295e+00,5.509480164233872268e-02,4.205217105749581297e-01,5.246062440074135580e+00,2.544153852340160782e-01,0.000000000000000000e+00,7.561251934591317614e-01,4.789626150138282412e+00
-2.928563271697149872e+01,1.693319232120866769e+00,2.925268764308076896e+01,-2.189249627144357557e+00,5.536588859390706441e-02,4.194262935180439467e-01,5.246144525570529460e+00,2.544133170232066865e-01,0.000000000000000000e+00,7.561251934591317614e-01,4.789626150138282412e+00
-2.928598008777683859e+01,1.687796772804708745e+00,2.925312754503833901e+01,-2.183740241828327822e+00,5.563306471983057999e-02,4.183466575224967232e-01,5.246225222459522719e+00,2.544112687060446909e-01,0.000000000000000000e+00,7.561251934591317614e-01,4.789626150138282412e+00
-2.928632632383648371e+01,1.682274242708936107e+00,2.925356631361339410e+01,-2.178230766523314710e+00,5.590023894895723711e-02,4.172670074092190151e-01,5.246305715855843488e+00,2.544092105322554032e-01,0.000000000000000000e+00,7.561251934591317614e-01,4.789626150138282412e+00
-2.928667646568977645e+01,1.676670843585027049e+00,2.925401034316076121e+01,-2.172640593553667010e+00,5.617132009868759657e-02,4.161715471700510038e-01,5.246387178921928296e+00,2.544071121726283469e-01,0.000000000000000000e+00,7.561251934591317614e-01,4.789626150138282412e+00
-2.928702041561215097e+01,1.671148171598584753e+00,2.925444682833304455e+01,-2.167130937656542411e+00,5.643849047240659389e-02,4.150918687212858948e-01,5.246467262349593597e+00,2.544050341416677630e-01,0.000000000000000000e+00,7.561251934591317614e-01,4.789626150138282412e+00
-2.928736323074520698e+01,1.665625429530678492e+00,2.925488218006749008e+01,-2.161621192466937291e+00,5.670565891555361115e-02,4.140121762603753974e-01,5.246547142278522813e+00,2.544029462543680453e-01,0.000000000000000000e+00,7.561251934591317614e-01,4.789626150138282412e+00
-2.928770990157787324e+01,1.660021816046975518e+00,2.925532274272803335e+01,-2.156030746376071949e+00,5.697673416013208925e-02,4.129166731619300368e-01,5.246627982895749831e+00,2.544008177468047305e-01,0.000000000000000000e+00,7.561251934591317614e-01,4.789626150138282412e+00
-2.928805043048620149e+01,1.654498933494990442e+00,2.925575581094868127e+01,-2.150520821997633725e+00,5.724389867982544733e-02,4.118369525782577534e-01,5.246707452843848429e+00,2.543987100029164172e-01,0.000000000000000000e+00,7.561251934591317614e-01,4.789626150138282412e+00
-2.928839478161629373e+01,1.648895177948202395e+00,2.925619405664926376e+01,-2.144930194571543769e+00,5.751496992050597612e-02,4.107414210176151825e-01,5.246787877477953721e+00,2.543965613484525656e-01,0.000000000000000000e+00,7.561251934591317614e-01,4.789626150138282412e+00
-2.928873302424194236e+01,1.643372155851884120e+00,2.925662484128242014e+01,-2.139420091941812707e+00,5.778213047128626101e-02,4.096616724532869402e-01,5.246866937437136613e+00,2.543944337483671769e-01,0.000000000000000000e+00,7.561251934591317614e-01,4.789626150138282412e+00
-2.928907013200644016e+01,1.637849064839179025e+00,2.925705449238638778e+01,-2.133909901181945123e+00,5.804928903513500993e-02,4.085819100530208026e-01,5.246945793887556775e+00,2.543922962924279330e-01,0.000000000000000000e+00,7.561251934591317614e-01,4.789626150138282412e+00
-2.928941101189622742e+01,1.632245098495477498e+00,2.925748927092076812e+01,-2.128319004189158203e+00,5.832035419831251011e-02,4.074863361719198718e-01,5.247025596042143469e+00,2.543901174915121355e-01,0.000000000000000000e+00,7.561251934591317614e-01,4.789626150138282412e+00
-2.928974583329204506e+01,1.626721869345143068e+00,2.925791663832767142e+01,-2.122808636581413833e+00,5.858750872520358810e-02,4.064065460037311062e-01,5.247104042491615772e+00,2.543879601799654000e-01,0.000000000000000000e+00,7.561251934591317614e-01,4.789626150138282412e+00
-2.929007951978423563e+01,1.621198571976643521e+00,2.925834287215120355e+01,-2.117298181540125501e+00,5.885466123138997918e-02,4.053267421051919839e-01,5.247182285426373660e+00,2.543857930128582967e-01,0.000000000000000000e+00,7.561251934591317614e-01,4.789626150138282412e+00
-2.929041692830380228e+01,1.615594396972016344e+00,2.925877418335367963e+01,-2.111707017111648543e+00,5.912572021374624953e-02,4.042311262266582994e-01,5.247261465083235876e+00,2.543835840663887793e-01,0.000000000000000000e+00,7.561251934591317614e-01,4.789626150138282412e+00
-2.929074832834219677e+01,1.610070962872356848e+00,2.925919813337146991e+01,-2.106196386625680095e+00,5.939286861494574854e-02,4.031512947728752017e-01,5.247339298005101682e+00,2.543813970442675987e-01,0.000000000000000000e+00,7.561251934591317614e-01,4.789626150138282412e+00
-2.929107859343491072e+01,1.604547461253138962e+00,2.925962094975212935e+01,-2.100685669403153266e+00,5.966001496165085349e-02,4.020714496944007288e-01,5.247416927406342246e+00,2.543792001668820357e-01,0.000000000000000000e+00,7.561251934591317614e-01,4.789626150138282412e+00
-2.929141253045566984e+01,1.598943079723126326e+00,2.926004879345833132e+01,-2.095094239669568204e+00,5.993106765989547613e-02,4.009757921413596438e-01,5.247495484547408218e+00,2.543769610757629640e-01,0.000000000000000000e+00,7.561251934591317614e-01,4.789626150138282412e+00
-2.929174050901032800e+01,1.593419442779485662e+00,2.926046932592541694e+01,-2.089583348405839924e+00,6.019820983357557220e-02,3.998959197203639238e-01,5.247572703923895965e+00,2.543747443439609568e-01,0.000000000000000000e+00,7.561251934591317614e-01,4.789626150138282412e+00
-2.929207212601163945e+01,1.587814924422467744e+00,2.926089485226705023e+01,-2.083991742560926230e+00,6.046925827465945980e-02,3.988002344969540092e-01,5.247650845037368228e+00,2.543724851081506921e-01,0.000000000000000000e+00,7.561251934591317614e-01,4.789626150138282412e+00
-2.929239781797238251e+01,1.582291153095116254e+00,2.926131310074893577e+01,-2.078480678194537745e+00,6.073639622981848174e-02,3.977203348757112900e-01,5.247727654381215245e+00,2.543702485223341414e-01,0.000000000000000000e+00,7.561251934591317614e-01,4.789626150138282412e+00
-2.929272237491831277e+01,1.576767315412628045e+00,2.926173021550505027e+01,-2.072969528253325588e+00,6.100353207416772672e-02,3.966404218058306452e-01,5.247804260194680381e+00,2.543680020817507548e-01,0.000000000000000000e+00,7.561251934591317614e-01,4.789626150138282412e+00
-2.929305052020922773e+01,1.571162594093592046e+00,2.926215227407911001e+01,-2.067377660658448857e+00,6.127457405880314123e-02,3.955446954467494169e-01,5.247881778762493177e+00,2.543657127028136067e-01,0.000000000000000000e+00,7.561251934591317614e-01,4.789626150138282412e+00
-2.929337279047843623e+01,1.565638623434263854e+00,2.926256710474364553e+01,-2.061866339018213701e+00,6.154170561659354222e-02,3.944647553893568803e-01,5.247957974531597181e+00,2.543634464088202485e-01,0.000000000000000000e+00,7.561251934591317614e-01,4.789626150138282412e+00
-2.929369392569192954e+01,1.560114587118138108e+00,2.926298080162980852e+01,-2.056354932499891319e+00,6.180883502980269451e-02,3.933848019889218395e-01,5.248033966764522162e+00,2.543611702603610913e-01,0.000000000000000000e+00,7.561251934591317614e-01,4.789626150138282412e+00
-2.929401859914740669e+01,1.554509664973120264e+00,2.926339939227546694e+01,-2.050762805286189483e+00,6.207987045469193221e-02,3.922890348171580444e-01,5.248110862768950113e+00,2.543588507392179898e-01,0.000000000000000000e+00,7.561251934591317614e-01,4.789626150138282412e+00
-2.929433744760224911e+01,1.548985497087076002e+00,2.926381080496454246e+01,-2.045251228472546590e+00,6.234699551330621925e-02,3.912090546419481618e-01,5.248186444945881490e+00,2.543565547379575964e-01,0.000000000000000000e+00,7.561251934591317614e-01,4.789626150138282412e+00
-2.929465980081528897e+01,1.543380441923662305e+00,2.926422707795882516e+01,-2.039658928947391203e+00,6.261802649685191402e-02,3.901132603756994333e-01,5.248262924891107239e+00,2.543542150737655438e-01,0.000000000000000000e+00,7.561251934591317614e-01,4.789626150138282412e+00
-2.929497636245721637e+01,1.537856143407711373e+00,2.926463620638080698e+01,-2.034147182776296692e+00,6.288514715541634881e-02,3.890332535678373560e-01,5.248338097004324077e+00,2.543518992201129203e-01,0.000000000000000000e+00,7.561251934591317614e-01,4.789626150138282412e+00
-2.929529178897617570e+01,1.532331780400287613e+00,2.926504420093763059e+01,-2.028635352889784471e+00,6.315226561304944364e-02,3.879532335931451525e-01,5.248413065571781999e+00,2.543495735125013146e-01,0.000000000000000000e+00,7.561251934591317614e-01,4.789626150138282412e+00
-2.929561067014807918e+01,1.526726527974577197e+00,2.926545700573809938e+01,-2.023042797301366047e+00,6.342328986452440420e-02,3.868573990530569939e-01,5.248488922924335220e+00,2.543472037076537906e-01,0.000000000000000000e+00,7.561251934591317614e-01,4.789626150138282412e+00
-2.929592380977364741e+01,1.521202035744227299e+00,2.926586271592377386e+01,-2.017530799461188629e+00,6.369040385407552518e-02,3.857773526584477586e-01,5.248563481416586463e+00,2.543448581482655180e-01,0.000000000000000000e+00,7.561251934591317614e-01,4.789626150138282412e+00
-2.929623581423651402e+01,1.515677479720858090e+00,2.926626729219285750e+01,-2.012018718602464951e+00,6.395751560892379284e-02,3.846972932026156422e-01,5.248637836357398001e+00,2.543425027352249623e-01,0.000000000000000000e+00,7.561251934591317614e-01,4.789626150138282412e+00
-2.929655122324574634e+01,1.510072032169113898e+00,2.926667662864217689e+01,-2.006425909082207415e+00,6.422853302503578332e-02,3.836014187116888463e-01,5.248713071099893490e+00,2.543401027906596612e-01,0.000000000000000000e+00,7.561251934591317614e-01,4.789626150138282412e+00
-2.929686094073561264e+01,1.504547348329848377e+00,2.926707892043692993e+01,-2.000913661673668464e+00,6.449564024377166249e-02,3.825213330486766372e-01,5.248787015954093249e+00,2.543377275264620541e-01,0.000000000000000000e+00,7.561251934591317614e-01,4.789626150138282412e+00
-2.929716952302347721e+01,1.499022601395993748e+00,2.926748007826408227e+01,-1.995401331943438272e+00,6.476274519403633911e-02,3.814412344300402991e-01,5.248860757251211595e+00,2.543353424089208614e-01,0.000000000000000000e+00,7.561251934591317614e-01,4.789626150138282412e+00
-2.929748145974982876e+01,1.493416960854504261e+00,2.926788594620624551e+01,-1.989808270622813735e+00,6.503375567149802250e-02,3.803453203112687753e-01,5.248935369366398263e+00,2.543329123255815283e-01,0.000000000000000000e+00,7.561251934591317614e-01,4.789626150138282412e+00
-2.929778775498595778e+01,1.487892087511832440e+00,2.926828481945675264e+01,-1.984295775746682589e+00,6.530085601762158909e-02,3.792651956981911154e-01,5.249008700565584995e+00,2.543305073575070074e-01,0.000000000000000000e+00,7.561251934591317614e-01,4.789626150138282412e+00
-2.929809737117353663e+01,1.482286319189486390e+00,2.926868836936344209e+01,-1.978702547340307483e+00,6.557186180050270097e-02,3.781692552768566307e-01,5.249082896579112756e+00,2.543280571334252116e-01,0.000000000000000000e+00,7.561251934591317614e-01,4.789626150138282412e+00
-2.929840137930579402e+01,1.476761320378464637e+00,2.926908495796940812e+01,-1.973189888256634994e+00,6.583895749701816624e-02,3.770891048115302957e-01,5.249155817672846780e+00,2.543256323152365272e-01,0.000000000000000000e+00,7.561251934591317614e-01,4.789626150138282412e+00
-2.929870425217145424e+01,1.471236259637751287e+00,2.926948041252365940e+01,-1.967677148013559307e+00,6.610605086874532521e-02,3.760089415666850177e-01,5.249228535200188617e+00,2.543231976442233977e-01,0.000000000000000000e+00,7.561251934591317614e-01,4.789626150138282412e+00
-2.929901039587857170e+01,1.465630301889800702e+00,2.926988049366589451e+01,-1.962083671362972570e+00,6.637704954066761531e-02,3.749129620563655951e-01,5.249302108557918345e+00,2.543207172829564655e-01,0.000000000000000000e+00,7.561251934591317614e-01,4.789626150138282412e+00
-2.929931098156306390e+01,1.460105117088184246e+00,2.927027366347472537e+01,-1.956570768316661990e+00,6.664413819474704348e-02,3.738327731720695324e-01,5.249374415968627972e+00,2.543182627624599457e-01,0.000000000000000000e+00,7.561251934591317614e-01,4.789626150138282412e+00
-2.929961043194282411e+01,1.454579871055369678e+00,2.927066569918200400e+01,-1.951057784807886275e+00,6.691122449027214758e-02,3.727525716138556100e-01,5.249446519807418277e+00,2.543157983894531182e-01,0.000000000000000000e+00,7.561251934591317614e-01,4.789626150138282412e+00
-2.929991310305279839e+01,1.448973726018321750e+00,2.927106231140729875e+01,-1.945464062044838460e+00,6.718221594795430185e-02,3.716565533375570940e-01,5.249519470492440831e+00,2.543132878919614481e-01,0.000000000000000000e+00,7.561251934591317614e-01,4.789626150138282412e+00
-2.930021026617497881e+01,1.443448357331809984e+00,2.927145206226916230e+01,-1.939950917136908037e+00,6.744929745780771368e-02,3.705763263526357654e-01,5.249591164203507354e+00,2.543108036701060004e-01,0.000000000000000000e+00,7.561251934591317614e-01,4.789626150138282412e+00
-2.930050629395470807e+01,1.437922928112664867e+00,2.927184067898005182e+01,-1.934437692463529590e+00,6.771637657533939592e-02,3.694960867994078746e-01,5.249662654337171830e+00,2.543083095960562701e-01,0.000000000000000000e+00,7.561251934591317614e-01,4.789626150138282412e+00
-2.930080549235218257e+01,1.432316597923098955e+00,2.927223382213724534e+01,-1.928843725719865398e+00,6.798736071550276483e-02,3.684000300801388295e-01,5.249734982332711297e+00,2.543057689633068663e-01,0.000000000000000000e+00,7.561251934591317614e-01,4.789626150138282412e+00
-2.930109923279879425e+01,1.426791047457509398e+00,2.927262015390360261e+01,-1.923330341051474157e+00,6.825443497934058357e-02,3.673197653129487428e-01,5.249806062327643019e+00,2.543032550410473935e-01,0.000000000000000000e+00,7.561251934591317614e-01,4.789626150138282412e+00
-2.930139611037312264e+01,1.421184594724202110e+00,2.927301097865319690e+01,-1.917736212447541888e+00,6.852541417176261085e-02,3.662236830828519696e-01,5.249877974180245488e+00,2.543006942699178041e-01,0.000000000000000000e+00,7.561251934591317614e-01,4.789626150138282412e+00
-2.930168756343662650e+01,1.415658923952367587e+00,2.927339502540926830e+01,-1.912222668722267205e+00,6.879248353646251479e-02,3.651433932438218344e-01,5.249948644029140077e+00,2.542981604998776346e-01,0.000000000000000000e+00,7.561251934591317614e-01,4.789626150138282412e+00
-2.930197788109571988e+01,1.410133193813587482e+00,2.927377793793287708e+01,-1.906709046394665430e+00,6.905955045249793922e-02,3.640630910127219955e-01,5.250019110291571423e+00,2.542956168781752013e-01,0.000000000000000000e+00,7.561251934591317614e-01,4.789626150138282412e+00
-2.930227128576805740e+01,1.404526559492339510e+00,2.927416529336514728e+01,-1.901114677366846584e+00,6.933052215510941696e-02,3.629669708785306925e-01,5.250090399426992960e+00,2.542930259734146881e-01,0.000000000000000000e+00,7.561251934591317614e-01,4.789626150138282412e+00
-2.930255931596995822e+01,1.399000710454667562e+00,2.927454592078080964e+01,-1.895600897386628070e+00,6.959758410398675377e-02,3.618866437883435649e-01,5.250160455532522974e+00,2.542904625045773748e-01,0.000000000000000000e+00,7.561251934591317614e-01,4.789626150138282412e+00
-2.930284621073088758e+01,1.393474802748580599e+00,2.927492541391573866e+01,-1.890087039501085586e+00,6.986464357043915829e-02,3.608063044116818219e-01,5.250230308046221595e+00,2.542878891843993738e-01,0.000000000000000000e+00,7.561251934591317614e-01,4.789626150138282412e+00
-2.930313614238941611e+01,1.387867988976132949e+00,2.927530929988306241e+01,-1.884492432181446242e+00,7.013560767997027712e-02,3.597101466964068295e-01,5.250300974448030011e+00,2.542852681469914278e-01,0.000000000000000000e+00,7.561251934591317614e-01,4.789626150138282412e+00
-2.930342074961994214e+01,1.382341963778624949e+00,2.927568650781324422e+01,-1.878978418047686061e+00,7.040266211124286688e-02,3.586297826734263228e-01,5.250370416794046591e+00,2.542826749803283604e-01,0.000000000000000000e+00,7.561251934591317614e-01,4.789626150138282412e+00
-2.930370422137337272e+01,1.376815880611229836e+00,2.927606258141486961e+01,-1.873464326705609029e+00,7.066971402633229205e-02,3.575494064695621810e-01,5.250439655542900930e+00,2.542800719626481243e-01,0.000000000000000000e+00,7.561251934591317614e-01,4.789626150138282412e+00
-2.930399067990758866e+01,1.371208889524463848e+00,2.927644299777093551e+01,-1.867869483226378247e+00,7.094067043951259033e-02,3.564532114962312703e-01,5.250509699194798152e+00,2.542774207935825093e-01,0.000000000000000000e+00,7.561251934591317614e-01,4.789626150138282412e+00
-2.930427186405827200e+01,1.365682690273091637e+00,2.927681678607188331e+01,-1.862355237040470790e+00,7.120771725140576103e-02,3.553728108588046219e-01,5.250578527765278558e+00,2.542747979300711836e-01,0.000000000000000000e+00,7.561251934591317614e-01,4.789626150138282412e+00
-2.930455600149681317e+01,1.360075581881359463e+00,2.927719488366003375e+01,-1.856760236928314711e+00,7.147866846365941162e-02,3.542765911666066470e-01,5.250648155234111769e+00,2.542721266250443923e-01,0.000000000000000000e+00,7.561251934591317614e-01,4.789626150138282412e+00
-2.930483489799690133e+01,1.354549267486271802e+00,2.927756638659670685e+01,-1.851245836836804992e+00,7.174571012691934035e-02,3.531961662377344213e-01,5.250716573619122585e+00,2.542694839161411258e-01,0.000000000000000000e+00,7.561251934591317614e-01,4.789626150138282412e+00
-2.930511265896057438e+01,1.349022896287145556e+00,2.927793675512596039e+01,-1.845731360700304968e+00,7.201274921765793424e-02,3.521157293042255221e-01,5.250784788398171088e+00,2.542668313567651994e-01,0.000000000000000000e+00,7.561251934591317614e-01,4.789626150138282412e+00
-2.930539332309341205e+01,1.343415614146115100e+00,2.927831138286172674e+01,-1.840136127985866565e+00,7.228369256128552856e-02,3.510194728928683339e-01,5.250853793090183963e+00,2.542641299217457962e-01,0.000000000000000000e+00,7.561251934591317614e-01,4.789626150138282412e+00
-2.930566879633559196e+01,1.337889129211054406e+00,2.927867946593221404e+01,-1.834621499348512597e+00,7.255072643536497612e-02,3.499390118807247374e-01,5.250921597673211316e+00,2.542614575176390113e-01,0.000000000000000000e+00,7.561251934591317614e-01,4.789626150138282412e+00
-2.930594313400641582e+01,1.332362588170110218e+00,2.927904641454864176e+01,-1.829106795362823279e+00,7.281775770318835161e-02,3.488585389694534578e-01,5.250989198645062750e+00,2.542587752633882481e-01,0.000000000000000000e+00,7.561251934591317614e-01,4.789626150138282412e+00
-2.930622032472659200e+01,1.326755134416721882e+00,2.927941757228924757e+01,-1.823511332178451072e+00,7.308869307493312539e-02,3.477622461619485628e-01,5.251057580544306269e+00,2.542560436993828166e-01,0.000000000000000000e+00,7.561251934591317614e-01,4.789626150138282412e+00
-2.930649237460589163e+01,1.321228481047691306e+00,2.927978223535329150e+01,-1.817996477096738062e+00,7.335571905807231063e-02,3.466817493848595166e-01,5.251124771309667594e+00,2.542533416010662184e-01,0.000000000000000000e+00,7.561251934591317614e-01,4.789626150138282412e+00
-2.930676328887929216e+01,1.315701772271433478e+00,2.928014576391702306e+01,-1.812481547363851586e+00,7.362274240119837110e-02,3.456012408142465908e-01,5.251191758458680248e+00,2.542506296529368215e-01,0.000000000000000000e+00,7.561251934591317614e-01,4.789626150138282412e+00
-2.930703700608115625e+01,1.310094149042788647e+00,2.928051345152101348e+01,-1.806885855842077060e+00,7.389366969780199190e-02,3.445049119336263121e-01,5.251259517549326183e+00,2.542478679609578851e-01,0.000000000000000000e+00,7.561251934591317614e-01,4.789626150138282412e+00
-2.930730563249388609e+01,1.304567329346071780e+00,2.928087469443962121e+01,-1.801370776417791530e+00,7.416068768823358415e-02,3.434243797099628681e-01,5.251326094481465923e+00,2.542451361694316181e-01,0.000000000000000000e+00,7.561251934591317614e-01,4.789626150138282412e+00
-2.930757702833951228e+01,1.298959594050806077e+00,2.928124006292734194e+01,-1.795774933490207781e+00,7.443160953080184272e-02,3.423280269022583866e-01,5.251393437350102111e+00,2.542423543439661371e-01,0.000000000000000000e+00,7.561251934591317614e-01,4.789626150138282412e+00
-2.930784336684586577e+01,1.293432664374021490e+00,2.928159902013936389e+01,-1.790259705312917449e+00,7.469862212310567073e-02,3.412474711676703465e-01,5.251459604058482888e+00,2.542396027094923072e-01,0.000000000000000000e+00,7.561251934591317614e-01,4.789626150138282412e+00
-2.930810856968965439e+01,1.287905680455916801e+00,2.928195684277487487e+01,-1.784744403647884337e+00,7.496563201906777940e-02,3.401669038157965619e-01,5.251525567141980488e+00,2.542368412257627330e-01,0.000000000000000000e+00,7.561251934591317614e-01,4.789626150138282412e+00
-2.930837649184367777e+01,1.282297779250791026e+00,2.928231874089293996e+01,-1.779148335940720749e+00,7.523654561423945286e-02,3.390705154738851146e-01,5.251592287175906648e+00,2.542340292740270513e-01,0.000000000000000000e+00,7.561251934591317614e-01,4.789626150138282412e+00
-2.930863940671340018e+01,1.276770686760340112e+00,2.928267427773058529e+01,-1.773632886927426044e+00,7.550355004406578141e-02,3.379899248238615317e-01,5.251657840025404589e+00,2.542312479480258181e-01,0.000000000000000000e+00,7.561251934591317614e-01,4.789626150138282412e+00
-2.930890118588717641e+01,1.271243540727281296e+00,2.928302867994662151e+01,-1.768117365123626383e+00,7.577055174379614122e-02,3.369093226621581727e-01,5.251723189244955847e+00,2.542284567731052936e-01,0.000000000000000000e+00,7.561251934591317614e-01,4.789626150138282412e+00
-2.930916563424748844e+01,1.265635475749543160e+00,2.928338710755710750e+01,-1.762521074769620943e+00,7.604145698832229239e-02,3.358128991090745252e-01,5.251789286428693693e+00,2.542256146961288099e-01,0.000000000000000000e+00,7.561251934591317614e-01,4.789626150138282412e+00
-2.930942512538037548e+01,1.260108222551828971e+00,2.928373922388486505e+01,-1.757005407022287358e+00,7.630845315391437955e-02,3.347322738619838978e-01,5.251854225404095189e+00,2.542228036796166935e-01,0.000000000000000000e+00,7.561251934591317614e-01,4.789626150138282412e+00
-2.930968348078437558e+01,1.254580916510310784e+00,2.928409020554636655e+01,-1.751489667181785892e+00,7.657544655565383385e-02,3.336516372088341731e-01,5.251918960744532683e+00,2.542199828145238483e-01,0.000000000000000000e+00,7.561251934591317614e-01,4.789626150138282412e+00
-2.930994445525018577e+01,1.248972689897295041e+00,2.928444516251266450e+01,-1.745893156313785832e+00,7.684634334628756558e-02,3.325551787676205850e-01,5.251984435062732715e+00,2.542171106133421232e-01,0.000000000000000000e+00,7.561251934591317614e-01,4.789626150138282412e+00
-2.931020052254735475e+01,1.243445278098829432e+00,2.928479385819635183e+01,-1.740377271934510306e+00,7.711333114588955762e-02,3.314745192418432351e-01,5.252048760148953832e+00,2.542142699073418055e-01,0.000000000000000000e+00,7.561251934591317614e-01,4.789626150138282412e+00
-2.931045545408310460e+01,1.237917814155360174e+00,2.928514141916954472e+01,-1.734861316159406863e+00,7.738031614788440371e-02,3.303938484156236366e-01,5.252112881595230931e+00,2.542114193531013200e-01,0.000000000000000000e+00,7.561251934591317614e-01,4.789626150138282412e+00
-2.931071295455496184e+01,1.232309428044414457e+00,2.928549290535638860e+01,-1.729264586910294943e+00,7.765120438138446712e-02,3.292973554093155952e-01,5.252177733032675100e+00,2.542085170287562423e-01,0.000000000000000000e+00,7.561251934591317614e-01,4.789626150138282412e+00
-2.931096559791881262e+01,1.226781859751793879e+00,2.928583818026310581e+01,-1.723748488001280110e+00,7.791818371324245318e-02,3.282166619232389504e-01,5.252241444214756250e+00,2.542056466342965115e-01,0.000000000000000000e+00,7.561251934591317614e-01,4.789626150138282412e+00
-2.931122077671997772e+01,1.221173368242632451e+00,2.928618734690748227e+01,-1.718151614000763328e+00,7.818906617058073161e-02,3.271201459977478021e-01,5.252305879382296538e+00,2.542027241796958048e-01,0.000000000000000000e+00,7.561251934591317614e-01,4.789626150138282412e+00
-2.931147113186892739e+01,1.215645696541499010e+00,2.928653033568896547e+01,-1.712635372896524011e+00,7.845603978686935265e-02,3.260394299939687324e-01,5.252369180293557704e+00,2.541998339454790146e-01,0.000000000000000000e+00,7.561251934591317614e-01,4.789626150138282412e+00
-2.931172035120317432e+01,1.210117973861403184e+00,2.928687218968712358e+01,-1.707119061560078421e+00,7.872301054923158681e-02,3.249587028659876586e-01,5.252432277556668083e+00,2.541969338635949316e-01,0.000000000000000000e+00,7.561251934591317614e-01,4.789626150138282412e+00
-2.931197205584739862e+01,1.204509326420167392e+00,2.928721788532929793e+01,-1.701521972736906196e+00,7.899388427720677175e-02,3.238621529143257405e-01,5.252496089818349034e+00,2.541939812875826932e-01,0.000000000000000000e+00,7.561251934591317614e-01,4.789626150138282412e+00
-2.931221898690312244e+01,1.198981501739660782e+00,2.928755745311499936e+01,-1.696005520610429196e+00,7.926084925599230502e-02,3.227814034814626143e-01,5.252558776800798412e+00,2.541910613666367724e-01,0.000000000000000000e+00,7.561251934591317614e-01,4.789626150138282412e+00
-2.931246478211279083e+01,1.193453626778421262e+00,2.928789588607432748e+01,-1.690488998948536548e+00,7.952781134712984257e-02,3.217006430298947617e-01,5.252621260130241332e+00,2.541881315983693934e-01,0.000000000000000000e+00,7.561251934591317614e-01,4.789626150138282412e+00
-2.931271301250415107e+01,1.187844825542691440e+00,2.928823811058255089e+01,-1.684891697435884073e+00,7.979867624250594482e-02,3.206040593751186552e-01,5.252684449471187733e+00,2.541851489020042210e-01,0.000000000000000000e+00,7.561251934591317614e-01,4.789626150138282412e+00
-2.931295651937253766e+01,1.182316849989229590e+00,2.928857425724306651e+01,-1.679375036389253451e+00,8.006563248205936234e-02,3.195232768315000582e-01,5.252746522510213900e+00,2.541821992953743337e-01,0.000000000000000000e+00,7.561251934591317614e-01,4.789626150138282412e+00
-2.931319889036394954e+01,1.176788824853930437e+00,2.928890926903457270e+01,-1.673858306504670157e+00,8.033258580021318540e-02,3.184424833748015216e-01,5.252808391891409023e+00,2.541792398417710985e-01,0.000000000000000000e+00,7.561251934591317614e-01,4.789626150138282412e+00
-2.931344364640784050e+01,1.171179871961273600e+00,2.928924802227842505e+01,-1.668260794435721506e+00,8.060344175976102976e-02,3.173458663399559843e-01,5.252870958296878001e+00,2.541762270261176404e-01,0.000000000000000000e+00,7.561251934591317614e-01,4.789626150138282412e+00
-2.931368372899608943e+01,1.165651747641667679e+00,2.928958074768564046e+01,-1.662743926571436548e+00,8.087038915834050823e-02,3.162650510039788920e-01,5.252932417377987662e+00,2.541732477348551122e-01,0.000000000000000000e+00,7.561251934591317614e-01,4.789626150138282412e+00
-2.931392616313576482e+01,1.160042694590407875e+00,2.928991718106569664e+01,-1.657146274979925504e+00,8.114123908868321744e-02,3.151684118417860114e-01,5.252994567477252907e+00,2.541702147915481658e-01,0.000000000000000000e+00,7.561251934591317614e-01,4.789626150138282412e+00
-2.931416395728001234e+01,1.154514472027156291e+00,2.929024762003201587e+01,-1.651629270074684186e+00,8.140818052226486690e-02,3.140875747686751596e-01,5.253055616251865345e+00,2.541672156630986334e-01,0.000000000000000000e+00,7.561251934591317614e-01,4.789626150138282412e+00
-2.931440061549663056e+01,1.148986201048250555e+00,2.929057692405913826e+01,-1.646112197495298801e+00,8.167511897813307942e-02,3.130067269587344936e-01,5.253116461360701983e+00,2.541642066882613959e-01,0.000000000000000000e+00,7.561251934591317614e-01,4.789626150138282412e+00
-2.931463957513395968e+01,1.143376999906301483e+00,2.929090988596017198e+01,-1.640514338906468028e+00,8.194595980043761774e-02,3.119100549554164048e-01,5.253177988500180362e+00,2.541611436274562874e-01,0.000000000000000000e+00,7.561251934591317614e-01,4.789626150138282412e+00
-2.931487394484614839e+01,1.137848632091752243e+00,2.929123690346237652e+01,-1.634997130691274281e+00,8.221289222332042734e-02,3.108291856211214954e-01,5.253238423292989623e+00,2.541581148161418668e-01,0.000000000000000000e+00,7.561251934591317614e-01,4.789626150138282412e+00
-2.931510717860093607e+01,1.132320216560470216e+00,2.929156278598389207e+01,-1.629479855499444296e+00,8.247982163474233686e-02,3.097483056556189496e-01,5.253298654415313962e+00,2.541550761587932916e-01,0.000000000000000000e+00,7.561251934591317614e-01,4.789626150138282412e+00
-2.931534266364484509e+01,1.126710869465551434e+00,2.929189227627901104e+01,-1.623881792046690586e+00,8.275065324578870229e-02,3.086516011342273491e-01,5.253359558580608990e+00,2.541519829815714893e-01,0.000000000000000000e+00,7.561251934591317614e-01,4.789626150138282412e+00
-2.931557360883565622e+01,1.121182358506664922e+00,2.929221587219246103e+01,-1.618364382624251308e+00,8.301757655623992482e-02,3.075706998571519635e-01,5.253419379377467280e+00,2.541489244884602150e-01,0.000000000000000000e+00,7.561251934591317614e-01,4.789626150138282412e+00
-2.931580341803973511e+01,1.115653800529913697e+00,2.929253833308418109e+01,-1.612846906922638102e+00,8.328449682148739153e-02,3.064897880544780184e-01,5.253478996499175047e+00,2.541458561496702240e-01,0.000000000000000000e+00,7.561251934591317614e-01,4.789626150138282412e+00
-2.931603542840047538e+01,1.110044309619848235e+00,2.929286435164781466e+01,-1.607248640739483925e+00,8.355531911805677558e-02,3.053930513380766487e-01,5.253539277676015473e+00,2.541427328571192468e-01,0.000000000000000000e+00,7.561251934591317614e-01,4.789626150138282412e+00
-2.931626294898189755e+01,1.104515657623591718e+00,2.929318452584919541e+01,-1.601731032212535766e+00,8.382223321434947860e-02,3.043121184366175958e-01,5.253598484462904672e+00,2.541396446832850931e-01,0.000000000000000000e+00,7.561251934591317614e-01,4.789626150138282412e+00
-2.931649263721676846e+01,1.098906071796128980e+00,2.929350822423954170e+01,-1.596132631737454233e+00,8.409304922864918597e-02,3.032153603849389034e-01,5.253658349298397923e+00,2.541365012657396116e-01,0.000000000000000000e+00,7.561251934591317614e-01,4.789626150138282412e+00
-2.931671786913682709e+01,1.093377326721046483e+00,2.929382611169611295e+01,-1.590614891323971047e+00,8.435995711057268920e-02,3.021344065268296020e-01,5.253717145744264627e+00,2.541333932573434651e-01,0.000000000000000000e+00,7.561251934591317614e-01,4.789626150138282412e+00
-2.931694196502213856e+01,1.087848535794440963e+00,2.929414286406338874e+01,-1.585097085795325711e+00,8.462686189098334033e-02,3.010534423193861331e-01,5.253775738507287407e+00,2.541302754038665124e-01,0.000000000000000000e+00,7.561251934591317614e-01,4.789626150138282412e+00
-2.931716817842707457e+01,1.082238809718409911e+00,2.929446309051570552e+01,-1.579498486149297776e+00,8.489766841861765001e-02,2.999566526116574927e-01,5.253834980330810644e+00,2.541271018728202269e-01,0.000000000000000000e+00,7.561251934591317614e-01,4.789626150138282412e+00
-2.931738998559380249e+01,1.076709927121161314e+00,2.929477755605735112e+01,-1.573980550139500334e+00,8.516456691667780021e-02,2.988756676603590012e-01,5.253893162743600520e+00,2.541239641855065901e-01,0.000000000000000000e+00,7.561251934591317614e-01,4.789626150138282412e+00
-2.931761065669761379e+01,1.071180999371329046e+00,2.929509088646981851e+01,-1.568462549712093868e+00,8.543146227948425486e-02,2.977946724653423582e-01,5.253951141468997221e+00,2.541208166534730806e-01,0.000000000000000000e+00,7.561251934591317614e-01,4.789626150138282412e+00
-2.931783339518639053e+01,1.065571135184673057e+00,2.929540764086205229e+01,-1.562863753028822966e+00,8.570225921724505813e-02,2.966978514246294552e-01,5.254009760266625584e+00,2.541176130100302188e-01,0.000000000000000000e+00,7.561251934591317614e-01,4.789626150138282412e+00
-2.931805177751526514e+01,1.060042117172367515e+00,2.929571868436893922e+01,-1.557345623525648204e+00,8.596914822972438752e-02,2.956168356985451884e-01,5.254067328632658018e+00,2.541144456448894418e-01,0.000000000000000000e+00,7.561251934591317614e-01,4.789626150138282412e+00
-2.931826902375346577e+01,1.054513054706458730e+00,2.929602859270718085e+01,-1.551827430302466171e+00,8.623603407320909464e-02,2.945358098343643372e-01,5.254124693306787108e+00,2.541112684353918350e-01,0.000000000000000000e+00,7.561251934591317614e-01,4.789626150138282412e+00
-2.931848828724120182e+01,1.048903054547173808e+00,2.929634187491861752e+01,-1.546228438715729903e+00,8.650682131789202978e-02,2.934389577837355767e-01,5.254182689064728073e+00,2.541080346806630086e-01,0.000000000000000000e+00,7.561251934591317614e-01,4.789626150138282412e+00
-2.931870324464897948e+01,1.043373903227259536e+00,2.929664949627218107e+01,-1.540710117822476244e+00,8.677370074306270387e-02,2.923579116013276802e-01,5.254239643370446800e+00,2.541048376387917140e-01,0.000000000000000000e+00,7.561251934591317614e-01,4.789626150138282412e+00
-2.931891706593878411e+01,1.037844708152211526e+00,2.929695598241809051e+01,-1.535191733906314138e+00,8.704057696552458534e-02,2.912768553863424592e-01,5.254296393979801749e+00,2.541016307529285201e-01,0.000000000000000000e+00,7.561251934591317614e-01,4.789626150138282412e+00
-2.931913285434191252e+01,1.032234574158346074e+00,2.929726579232933759e+01,-1.529592549549965597e+00,8.731135441392884333e-02,2.901799726488685227e-01,5.254353766684391580e+00,2.540983668880303359e-01,0.000000000000000000e+00,7.561251934591317614e-01,4.789626150138282412e+00
-2.931934438674668186e+01,1.026705291637794559e+00,2.929756999141235951e+01,-1.524074039369477163e+00,8.757822415009219874e-02,2.890988963284987778e-01,5.254410106916380663e+00,2.540951401705312529e-01,0.000000000000000000e+00,7.561251934591317614e-01,4.789626150138282412e+00
-2.931955785275913229e+01,1.021095069395949073e+00,2.929787748077373521e+01,-1.518474727377460365e+00,8.784899499428353020e-02,2.880019932635245472e-01,5.254467063236595514e+00,2.540918561841027379e-01,0.000000000000000000e+00,7.561251934591317614e-01,4.789626150138282412e+00
-2.931976709624286670e+01,1.015565700370752111e+00,2.929817939274209593e+01,-1.512956091871670461e+00,8.811585819873804515e-02,2.869208969799242892e-01,5.254522993085280369e+00,2.540886096354628698e-01,0.000000000000000000e+00,7.561251934591317614e-01,4.789626150138282412e+00
-2.931997520356401310e+01,1.010036288756872791e+00,2.929848016943864053e+01,-1.507437394507151307e+00,8.838271814418525996e-02,2.858397908400129306e-01,5.254578719230239336e+00,2.540853532434448336e-01,0.000000000000000000e+00,7.561251934591317614e-01,4.789626150138282412e+00
-2.932018519435538906e+01,1.004425936247479445e+00,2.929878418630357828e+01,-1.501837893305605354e+00,8.865347901993581026e-02,2.847428576271825440e-01,5.254635052474594836e+00,2.540820391487239593e-01,0.000000000000000000e+00,7.561251934591317614e-01,4.789626150138282412e+00
-2.932039101270235903e+01,9.988964395371999760e-01,2.929908267580871950e+01,-1.496319072021299323e+00,8.892033236570889843e-02,2.836617317368247959e-01,5.254690368227434405e+00,2.540787629263094316e-01,0.000000000000000000e+00,7.561251934591317614e-01,4.789626150138282412e+00
-2.932059569486056461e+01,9.933669009373032877e-01,2.929938003000415137e+01,-1.490800189575976376e+00,8.918718241873710428e-02,2.825805960957850638e-01,5.254745480272193348e+00,2.540754768608872727e-01,0.000000000000000000e+00,7.561251934591317614e-01,4.789626150138282412e+00
-2.932080221035084477e+01,9.877564202984726593e-01,2.929968057425679007e+01,-1.485200501298876485e+00,8.945793322285963689e-02,2.814836330581620416e-01,5.254801190427373925e+00,2.540721326590075768e-01,0.000000000000000000e+00,7.561251934591317614e-01,4.789626150138282412e+00
-2.932100460348259574e+01,9.822267980105017227e-01,2.929997564118493969e+01,-1.479681496339375846e+00,8.972477660824862422e-02,2.804024778794712569e-01,5.254855892071285339e+00,2.540688267639376052e-01,0.000000000000000000e+00,7.561251934591317614e-01,4.789626150138282412e+00
-2.932120586039985000e+01,9.766971345319467313e-01,2.930026957276593436e+01,-1.474162430916547084e+00,8.999161666715872754e-02,2.793213130557191670e-01,5.254910390002804910e+00,2.540655110262325378e-01,0.000000000000000000e+00,7.561251934591317614e-01,4.789626150138282412e+00
-2.932140890051032756e+01,9.710865279019577079e-01,2.930056664429173452e+01,-1.468562557698059212e+00,9.026235729646409078e-02,2.782243205163928423e-01,5.254965477055616674e+00,2.540621367183334978e-01,0.000000000000000000e+00,7.561251934591317614e-01,4.789626150138282412e+00
-2.932160786834972654e+01,9.655567821437339715e-01,2.930085828853044205e+01,-1.463043371166756534e+00,9.052919061977017512e-02,2.771431363677959170e-01,5.255019564577643187e+00,2.540588011517333489e-01,0.000000000000000000e+00,7.561251934591317614e-01,4.789626150138282412e+00
-2.932180858587494043e+01,9.599460925079900120e-01,2.930115303922393366e+01,-1.457443375544713593e+00,9.079992439187550834e-02,2.760461242930815073e-01,5.255074235213589517e+00,2.540554067250904158e-01,0.000000000000000000e+00,7.561251934591317614e-01,4.789626150138282412e+00
-2.932200526460262680e+01,9.544162654110348587e-01,2.930144239607072620e+01,-1.451924068844077542e+00,9.106675093417339328e-02,2.749649209617980317e-01,5.255127912320399552e+00,2.540520513301002814e-01,0.000000000000000000e+00,7.561251934591317614e-01,4.789626150138282412e+00
-2.932220080707384824e+01,9.488863982899964356e-01,2.930173061750883790e+01,-1.446404702844386936e+00,9.133357409370385094e-02,2.738837081617149227e-01,5.255181385707713204e+00,2.540486860931012725e-01,0.000000000000000000e+00,7.561251934591317614e-01,4.789626150138282412e+00
-2.932239804909089997e+01,9.432755862303778827e-01,2.930202189528734635e+01,-1.440804525841427486e+00,9.160429751885570959e-02,2.727866671242921148e-01,5.255235433219574759e+00,2.540452615623541299e-01,0.000000000000000000e+00,7.561251934591317614e-01,4.789626150138282412e+00
-2.932259130240046119e+01,9.377456391790176538e-01,2.930230782925999478e+01,-1.435285041078135926e+00,9.187111382941973159e-02,2.717054353543220113e-01,5.255288496183169400e+00,2.540418764977247501e-01,0.000000000000000000e+00,7.561251934591317614e-01,4.789626150138282412e+00
-2.932278341942898336e+01,9.322156528026727118e-01,2.930259262778767138e+01,-1.429765497713563205e+00,9.213792672348464219e-02,2.706241942211799478e-01,5.255341355423071903e+00,2.540384815914646377e-01,0.000000000000000000e+00,7.561251934591317614e-01,4.789626150138282412e+00
-2.932297718586270108e+01,9.266047204575130758e-01,2.930288043254018504e+01,-1.424165141463967998e+00,9.240863969850773851e-02,2.695271245441308028e-01,5.255394779798012728e+00,2.540350269577696385e-01,0.000000000000000000e+00,7.561251934591317614e-01,4.789626150138282412e+00
-2.932316701368047873e+01,9.210746555592863594e-01,2.930316294352970985e+01,-1.418645480741572040e+00,9.267544567565053071e-02,2.684458646539029103e-01,5.255447228605777177e+00,2.540316122246426001e-01,0.000000000000000000e+00,7.561251934591317614e-01,4.789626150138282412e+00
-2.932335570519308021e+01,9.155445520351883637e-01,2.930344431903841595e+01,-1.413125762115690520e+00,9.294224820256385966e-02,2.673645955061313972e-01,5.255499473685692813e+00,2.540281876502649139e-01,0.000000000000000000e+00,7.561251934591317614e-01,4.789626150138282412e+00
-2.932354599596962075e+01,9.099335015428907658e-01,2.930372865065525190e+01,-1.407525228753832014e+00,9.321295062428577860e-02,2.662674975125450261e-01,5.255552274910995969e+00,2.540247029147845725e-01,0.000000000000000000e+00,7.561251934591317614e-01,4.789626150138282412e+00
-2.932373239822326738e+01,9.044033209056449030e-01,2.930400773855397745e+01,-1.402005394176213393e+00,9.347974616631125888e-02,2.651862098205422513e-01,5.255604109550441549e+00,2.540212585143080681e-01,0.000000000000000000e+00,7.561251934591317614e-01,4.789626150138282412e+00
-2.932391766414804124e+01,8.988731023411283827e-01,2.930428569093648150e+01,-1.396485502392400768e+00,9.374653822440356943e-02,2.641049129765217218e-01,5.255655740457929603e+00,2.540178042729625552e-01,0.000000000000000000e+00,7.561251934591317614e-01,4.789626150138282412e+00
-2.932410447919487595e+01,8.932619358401411302e-01,2.930456654930927129e+01,-1.390884794052718476e+00,9.401722998965589273e-02,2.630077869894897891e-01,5.255707918521008715e+00,2.540142894368656035e-01,0.000000000000000000e+00,7.561251934591317614e-01,4.789626150138282412e+00
-2.932428745581336571e+01,8.877316415712159792e-01,2.930484221401085421e+01,-1.385364787723274871e+00,9.428401499489849624e-02,2.619264718140894010e-01,5.255759138979778200e+00,2.540108153701931548e-01,0.000000000000000000e+00,7.561251934591317614e-01,4.789626150138282412e+00
-2.932447194804456458e+01,8.821203987352813636e-01,2.930512075120915938e+01,-1.379763963638271695e+00,9.455469958110157558e-02,2.608293272995350076e-01,5.255810900586332934e+00,2.540072804189787981e-01,0.000000000000000000e+00,7.561251934591317614e-01,4.789626150138282412e+00
-2.932465263532563071e+01,8.765900297030501109e-01,2.930539412818291822e+01,-1.374243843702549039e+00,9.482147748809507948e-02,2.597479939349318645e-01,5.255861710590921554e+00,2.540037865274974993e-01,0.000000000000000000e+00,7.561251934591317614e-01,4.789626150138282412e+00
-2.932483218623921672e+01,8.710596239101646709e-01,2.930566636958229054e+01,-1.368723667725078252e+00,9.508825185487704279e-02,2.586666515945793554e-01,5.255912316856780286e+00,2.540002827957894005e-01,0.000000000000000000e+00,7.561251934591317614e-01,4.789626150138282412e+00
-2.932501320262267797e+01,8.654482686331301799e-01,2.930594143335872204e+01,-1.363122672223204601e+00,9.535892561250768062e-02,2.575694796255843522e-01,5.255963455280408425e+00,2.539967177459221959e-01,0.000000000000000000e+00,7.561251934591317614e-01,4.789626150138282412e+00
-2.932519046415296415e+01,8.599177894854619364e-01,2.930621138696078276e+01,-1.357602384045370147e+00,9.562569281309585278e-02,2.564881193088316969e-01,5.256013651083984328e+00,2.539931941901838464e-01,0.000000000000000000e+00,7.561251934591317614e-01,4.789626150138282412e+00
-2.932536658929322115e+01,8.543872742763054529e-01,2.930648020495418749e+01,-1.352082040523662654e+00,9.589245643974697586e-02,2.554067501219608460e-01,5.256063643144829989e+00,2.539896607946062757e-01,0.000000000000000000e+00,7.561251934591317614e-01,4.789626150138282412e+00
-2.932554412975995817e+01,8.487758086967834847e-01,2.930675179520391893e+01,-1.346480875739582750e+00,9.616311926564541368e-02,2.543095510216327182e-01,5.256114158373290657e+00,2.539860656472715528e-01,0.000000000000000000e+00,7.561251934591317614e-01,4.789626150138282412e+00
-2.932571796547191312e+01,8.432452215413954733e-01,2.930701832533140561e+01,-1.340960421423470050e+00,9.642987565816080187e-02,2.532281640711660509e-01,5.256163739963835901e+00,2.539825124284467162e-01,0.000000000000000000e+00,7.561251934591317614e-01,4.789626150138282412e+00
-2.932589066477171613e+01,8.377145990237471196e-01,2.930728371981639668e+01,-1.335439912461428236e+00,9.669662844301267490e-02,2.521467683562224615e-01,5.256213117807689628e+00,2.539789493701721246e-01,0.000000000000000000e+00,7.561251934591317614e-01,4.789626150138282412e+00
-2.932606472925406038e+01,8.321030252803440774e-01,2.930755183643591266e+01,-1.329838580529822734e+00,9.696728023402553798e-02,2.510495424476620885e-01,5.256263009828880506e+00,2.539753241265617079e-01,0.000000000000000000e+00,7.561251934591317614e-01,4.789626150138282412e+00
-2.932623513908143309e+01,8.265723322250431160e-01,2.930781494298724610e+01,-1.324317962179376584e+00,9.723402571680246631e-02,2.499681291819284279e-01,5.256311977194497942e+00,2.539717412458266099e-01,0.000000000000000000e+00,7.561251934591317614e-01,4.789626150138282412e+00
-2.932640688058063105e+01,8.209606873898699364e-01,2.930808073817689419e+01,-1.318716519735974702e+00,9.750467007585965351e-02,2.488708855380132035e-01,5.256361452729312767e+00,2.539680958900127350e-01,0.000000000000000000e+00,7.561251934591317614e-01,4.789626150138282412e+00
-2.932657500090657976e+01,8.154299247380386584e-01,2.930834155674979868e+01,-1.313195792936531880e+00,9.777140821117127900e-02,2.477894548636613570e-01,5.256410009611446554e+00,2.539644931873452083e-01,0.000000000000000000e+00,7.561251934591317614e-01,4.789626150138282412e+00
-2.932674198478442662e+01,8.098991278906474411e-01,2.930860123962470709e+01,-1.307675012655735269e+00,9.803814268254940067e-02,2.467080156011059178e-01,5.256458362740379364e+00,2.539608806458828472e-01,0.000000000000000000e+00,7.561251934591317614e-01,4.789626150138282412e+00
-2.932691025018929665e+01,8.042873784594882780e-01,2.930886356101440526e+01,-1.302073406626203633e+00,9.830877583464135705e-02,2.456107456879875750e-01,5.256507215048006998e+00,2.539572051957948995e-01,0.000000000000000000e+00,7.561251934591317614e-01,4.789626150138282412e+00
-2.932707494452304431e+01,7.987565134242139431e-01,2.930912095584460175e+01,-1.296552519302503814e+00,9.857550289061847715e-02,2.445292892296269671e-01,5.256555157685663282e+00,2.539535728331938635e-01,0.000000000000000000e+00,7.561251934591317614e-01,4.789626150138282412e+00
-2.932723850238772201e+01,7.932256148925949102e-01,2.930937721494410653e+01,-1.291031579195401902e+00,9.884222624894162257e-02,2.434478242886969901e-01,5.256602896566271887e+00,2.539499306321928440e-01,0.000000000000000000e+00,7.561251934591317614e-01,4.789626150138282412e+00
-2.932740329163413762e+01,7.876137630041645243e-01,2.930963606243388853e+01,-1.285429811714589476e+00,9.911284809092631154e-02,2.423505284294829032e-01,5.256651125634947519e+00,2.539462250890393014e-01,0.000000000000000000e+00,7.561251934591317614e-01,4.789626150138282412e+00
-2.932756455991291134e+01,7.820827976933355519e-01,2.930989003342327237e+01,-1.279908765970718676e+00,9.937956396591558772e-02,2.412690465055625511e-01,5.256698454016573763e+00,2.539425630676975243e-01,0.000000000000000000e+00,7.561251934591317614e-01,4.789626150138282412e+00
-2.932772469170209106e+01,7.765517995853901123e-01,2.931014286864972362e+01,-1.274387668141417462e+00,9.964627610953183390e-02,2.401875562047079415e-01,5.256745578637350036e+00,2.539388912083528904e-01,0.000000000000000000e+00,7.561251934591317614e-01,4.789626150138282412e+00
-2.932788600472725093e+01,7.709398473784419004e-01,2.931039824214093770e+01,-1.268785741344234275e+00,9.991688653827160427e-02,2.390902347225075941e-01,5.256793184455440304e+00,2.539351555733481702e-01,0.000000000000000000e+00,7.561251934591317614e-01,4.789626150138282412e+00
-2.932804384688958521e+01,7.654087839002490234e-01,2.931064878919270811e+01,-1.263264539284602250e+00,1.001835911306112187e-01,2.380087276515305827e-01,5.256839898569611869e+00,2.539314638944649150e-01,0.000000000000000000e+00,7.561251934591317614e-01,4.789626150138282412e+00
-2.932820055254224201e+01,7.598776883236523227e-01,2.931089820044975625e+01,-1.257743285837004343e+00,1.004502919578856429e-01,2.369272123091518134e-01,5.256886408919176468e+00,2.539277623779775950e-01,0.000000000000000000e+00,7.561251934591317614e-01,4.789626150138282412e+00
-2.932835838928466288e+01,7.542656379369543362e-01,2.931115009984506514e+01,-1.252141201858397279e+00,1.007208908702482836e-01,2.358298655270728017e-01,5.256933391475179462e+00,2.539239966523425540e-01,0.000000000000000000e+00,7.561251934591317614e-01,4.789626150138282412e+00
-2.932851280527041737e+01,7.487344783991217723e-01,2.931139722286375715e+01,-1.246619845586970809e+00,1.009875840783050760e-01,2.347483336274459320e-01,5.256979491310604047e+00,2.539202753171229121e-01,0.000000000000000000e+00,7.561251934591317614e-01,4.789626150138282412e+00
-2.932866831883378111e+01,7.431223635924824045e-01,2.931164680052146210e+01,-1.241017657756407155e+00,1.012581752369746818e-01,2.336509701179275145e-01,5.257026057343941794e+00,2.539164894830731600e-01,0.000000000000000000e+00,7.561251934591317614e-01,4.789626150138282412e+00
-2.932882044512635389e+01,7.375911410345196151e-01,2.931189163525974450e+01,-1.235496199600589318e+00,1.015248607804370151e-01,2.325694218032107186e-01,5.257071746660241018e+00,2.539127483296619858e-01,0.000000000000000000e+00,7.561251934591317614e-01,4.789626150138282412e+00
-2.932897143487666725e+01,7.320598875450239351e-01,2.931213533415116501e+01,-1.229974691221608296e+00,1.017915425025716636e-01,2.314878653933855335e-01,5.257117232205746227e+00,2.539089973393172106e-01,0.000000000000000000e+00,7.561251934591317614e-01,4.789626150138282412e+00
-2.932912347205767745e+01,7.264476781268547345e-01,2.931238143755355097e+01,-1.224372349771516877e+00,1.020621219728170131e-01,2.303904771230413095e-01,5.257163174958090934e+00,2.539051814166875531e-01,0.000000000000000000e+00,7.561251934591317614e-01,4.789626150138282412e+00
-2.932927217207621240e+01,7.209163630260168043e-01,2.931262284810235030e+01,-1.218850740914448227e+00,1.023287959624337717e-01,2.293089045109514557e-01,5.257208249977079362e+00,2.539014106089642620e-01,0.000000000000000000e+00,7.561251934591317614e-01,4.789626150138282412e+00
-2.932941973553354842e+01,7.153850176928465698e-01,2.931286312277362782e+01,-1.213329082532187186e+00,1.025954660970125470e-01,2.282273239093771389e-01,5.257253121221628689e+00,2.538976299647119350e-01,0.000000000000000000e+00,7.561251934591317614e-01,4.789626150138282412e+00
-2.932956829627426742e+01,7.097727158020374905e-01,2.931310575182690314e+01,-1.207726589597697187e+00,1.028660337757121429e-01,2.271299112013256405e-01,5.257298440681823948e+00,2.538937839547398823e-01,0.000000000000000000e+00,7.561251934591317614e-01,4.789626150138282412e+00
-2.932971356996208812e+01,7.042413102663843683e-01,2.931334373809421123e+01,-1.202204832143738411e+00,1.031326961098502082e-01,2.260483146103229868e-01,5.257342901392546786e+00,2.538899834939261080e-01,0.000000000000000000e+00,7.561251934591317614e-01,4.789626150138282412e+00
-2.932985770707020379e+01,6.987098751976591471e-01,2.931358058845377457e+01,-1.196683025862625316e+00,1.033993545552391730e-01,2.249667101354698717e-01,5.257387158325227183e+00,2.538861731969899171e-01,0.000000000000000000e+00,7.561251934591317614e-01,4.789626150138282412e+00
-2.933000279131400845e+01,6.930974829731353370e-01,2.931381974306546923e+01,-1.191080383578923430e+00,1.036699103392759308e-01,2.238692733128321843e-01,5.257431854482240041e+00,2.538822971009189744e-01,0.000000000000000000e+00,7.561251934591317614e-01,4.789626150138282412e+00
-2.933014463861576004e+01,6.875659891107136490e-01,2.931405430496059950e+01,-1.185558479632444095e+00,1.039365609163089843e-01,2.227876530613697725e-01,5.257475700873873059e+00,2.538784669882424572e-01,0.000000000000000000e+00,7.561251934591317614e-01,4.789626150138282412e+00
-2.933028534931971976e+01,6.820344664145869817e-01,2.931428773091817064e+01,-1.180036527556962866e+00,1.042032075708785588e-01,2.217060250317105241e-01,5.257519343483894936e+00,2.538746270398522520e-01,0.000000000000000000e+00,7.561251934591317614e-01,4.789626150138282412e+00
-2.933042695701131564e+01,6.764219859952840253e-01,2.931452341099713976e+01,-1.174433738059268872e+00,1.044737513571411397e-01,2.206085644176052629e-01,5.257563416326828332e+00,2.538707208589323638e-01,0.000000000000000000e+00,7.561251934591317614e-01,4.789626150138282412e+00
-2.933056537787293649e+01,6.708904059142456466e-01,2.931475454843069173e+01,-1.168911689724766001e+00,1.047403900754438344e-01,2.195269208241527326e-01,5.257606648388668091e+00,2.538668610956270610e-01,0.000000000000000000e+00,7.561251934591317614e-01,4.789626150138282412e+00
-2.933070466220882366e+01,6.652778677484447734e-01,2.931498790648354813e+01,-1.163308803036895211e+00,1.050109257862882894e-01,2.184294444907698973e-01,5.257650304674522879e+00,2.538629348101726357e-01,0.000000000000000000e+00,7.561251934591317614e-01,4.789626150138282412e+00
-2.933084079320453696e+01,6.597462312237439841e-01,2.931521675535373817e+01,-1.157786659382998184e+00,1.052775565229529808e-01,2.173477854757013272e-01,5.257693126183459853e+00,2.538590552325059035e-01,0.000000000000000000e+00,7.561251934591317614e-01,4.789626150138282412e+00
-2.933097578757326573e+01,6.542145670322501161e-01,2.931544446823761874e+01,-1.152264468765000327e+00,1.055441832809056180e-01,2.162661188587259864e-01,5.257735743904937031e+00,2.538551658198119343e-01,0.000000000000000000e+00,7.561251934591317614e-01,4.789626150138282412e+00
-2.933111159526765732e+01,6.486019442401372848e-01,2.931567435160864932e+01,-1.146661438425455870e+00,1.058147068219651155e-01,2.151686192729425351e-01,5.257778776858813785e+00,2.538512094516074957e-01,0.000000000000000000e+00,7.561251934591317614e-01,4.789626150138282412e+00
-2.933124429973595326e+01,6.430702250138498055e-01,2.931589977587102780e+01,-1.141139153894517255e+00,1.060813255303714453e-01,2.140869374471792153e-01,5.257820984020393773e+00,2.538473002253842647e-01,0.000000000000000000e+00,7.561251934591317614e-01,4.789626150138282412e+00
-2.933137586756034310e+01,6.375384788201174935e-01,2.931612406411844773e+01,-1.135616823097630901e+00,1.063479402263577261e-01,2.130052481251553664e-01,5.257862987391058063e+00,2.538433811645476323e-01,0.000000000000000000e+00,7.561251934591317614e-01,4.789626150138282412e+00
-2.933150819856146896e+01,6.319257735407641796e-01,2.931635047272002836e+01,-1.130013651241827954e+00,1.066184514945308637e-01,2.119077256101058737e-01,5.257905397002407888e+00,2.538393947148598895e-01,0.000000000000000000e+00,7.561251934591317614e-01,4.789626150138282412e+00
-2.933163747645177111e+01,6.263939737214161418e-01,2.931657247228867291e+01,-1.124491227938777760e+00,1.068850580730517918e-01,2.108260212921798382e-01,5.257946989806266735e+00,2.538354558413305484e-01,0.000000000000000000e+00,7.561251934591317614e-01,4.789626150138282412e+00
-2.933176561768168611e+01,6.208621476333334721e-01,2.931679333581417168e+01,-1.118968759067303420e+00,1.071516606054774279e-01,2.097443095835137550e-01,5.257988378815808161e+00,2.538315071336034734e-01,0.000000000000000000e+00,7.561251934591317614e-01,4.789626150138282412e+00
-2.933189447193911903e+01,6.152493620058426815e-01,2.931701626956001761e+01,-1.113365447830712007e+00,1.074221594976674521e-01,2.086467644623350715e-01,5.258030165074202067e+00,2.538274906037051859e-01,0.000000000000000000e+00,7.561251934591317614e-01,4.789626150138282412e+00
-2.933202032320216546e+01,6.097174837013428217e-01,2.931723484435033811e+01,-1.107842887859886050e+00,1.076887538447117432e-01,2.075650379706543147e-01,5.258071143510109735e+00,2.538235220841259521e-01,0.000000000000000000e+00,7.561251934591317614e-01,4.789626150138282412e+00
-2.933214503778876647e+01,6.041855798274766709e-01,2.931745228306973061e+01,-1.102320283018823677e+00,1.079553441119558282e-01,2.064833041938813341e-01,5.258111918148337338e+00,2.538195437307670943e-01,0.000000000000000000e+00,7.561251934591317614e-01,4.789626150138282412e+00
-2.933227041525339374e+01,5.985727159909339790e-01,2.931767174187487868e+01,-1.096716834536918261e+00,1.082258305250731051e-01,2.053857367897032049e-01,5.258153081043479560e+00,2.538154971219371281e-01,0.000000000000000000e+00,7.561251934591317614e-01,4.789626150138282412e+00
-2.933239283984121215e+01,5.930407613095807218e-01,2.931788689180356045e+01,-1.091194140003063806e+00,1.084924125390367977e-01,2.043039884427482744e-01,5.258193445101333019e+00,2.538114989575706026e-01,0.000000000000000000e+00,7.561251934591317614e-01,4.789626150138282412e+00
-2.933251589379280944e+01,5.874278463992873567e-01,2.931810402831342799e+01,-1.085590600992394794e+00,1.087628905551346614e-01,2.032064063272594201e-01,5.258234191406879532e+00,2.538074322481762568e-01,0.000000000000000000e+00,7.561251934591317614e-01,4.789626150138282412e+00
-2.933263602836100858e+01,5.818958418517360398e-01,2.931831688941478831e+01,-1.080067817705461453e+00,1.090294642704576905e-01,2.021246435522998375e-01,5.258274144879909073e+00,2.538034142733684440e-01,0.000000000000000000e+00,7.561251934591317614e-01,4.789626150138282412e+00
-2.933275502622694830e+01,5.763638129018573419e-01,2.931852861439984892e+01,-1.074544990713376835e+00,1.092960338497416251e-01,2.010428736685536677e-01,5.258313894549733192e+00,2.537993864654834453e-01,0.000000000000000000e+00,7.561251934591317614e-01,4.789626150138282412e+00
-2.933287460330676666e+01,5.707508233512449403e-01,2.931874227583022474e+01,-1.068941318020153464e+00,1.095664992147913352e-01,1.999452698091556957e-01,5.258354017475140196e+00,2.537952896793050361e-01,0.000000000000000000e+00,7.561251934591317614e-01,4.789626150138282412e+00
-2.933299131112263325e+01,5.652187459440823902e-01,2.931895171193388450e+01,-1.063418403681558155e+00,1.098330604275431499e-01,1.988634857102307973e-01,5.258393356553542120e+00,2.537912420618299025e-01,0.000000000000000000e+00,7.561251934591317614e-01,4.789626150138282412e+00
-2.933310688222132967e+01,5.596866448339622435e-01,2.931916001189461340e+01,-1.057895446336020395e+00,1.100996174705562436e-01,1.977816946081645266e-01,5.258432491825486998e+00,2.537871846117012997e-01,0.000000000000000000e+00,7.561251934591317614e-01,4.789626150138282412e+00
-2.933322298238379489e+01,5.540735827821939852e-01,2.931937019816406931e+01,-1.052291642095854574e+00,1.103700700814809199e-01,1.966840693279936214e-01,5.258471991360806008e+00,2.537830577500345131e-01,0.000000000000000000e+00,7.561251934591317614e-01,4.789626150138282412e+00
-2.933333626340284894e+01,5.485414346238187688e-01,2.931957620919021679e+01,-1.046768598810503770e+00,1.106366186900690496e-01,1.956022642235950015e-01,5.258510716034818344e+00,2.537789804911712577e-01,0.000000000000000000e+00,7.561251934591317614e-01,4.789626150138282412e+00
-2.933344840769027329e+01,5.430092634618406411e-01,2.931978108404724281e+01,-1.041245513216412011e+00,1.109031630952216629e-01,1.945204522216961995e-01,5.258549236899160206e+00,2.537748934000799705e-01,0.000000000000000000e+00,7.561251934591317614e-01,4.789626150138282412e+00
-2.933356103089113631e+01,5.373961310481314424e-01,2.931998779507566866e+01,-1.035641579564990256e+00,1.111736028489481026e-01,1.934228058438955677e-01,5.258588113034573297e+00,2.537707364642266539e-01,0.000000000000000000e+00,7.561251934591317614e-01,4.789626150138282412e+00
-2.933367088507020526e+01,5.318639142469209213e-01,2.932019038094578534e+01,-1.030118409437791538e+00,1.114401387517872516e-01,1.923409800525075486e-01,5.258626223294559310e+00,2.537666295652603043e-01,0.000000000000000000e+00,7.561251934591317614e-01,4.789626150138282412e+00
-2.933377960250360772e+01,5.263316751414471861e-01,2.932039183062102339e+01,-1.024595197700045146e+00,1.117066704174967950e-01,1.912591474692568461e-01,5.258664129741705828e+00,2.537625128344936920e-01,0.000000000000000000e+00,7.561251934591317614e-01,4.789626150138282412e+00
-2.933388874869995533e+01,5.207184745050387198e-01,2.932059506632965196e+01,-1.018991136773103712e+00,1.119770972109567220e-01,1.901614803169720258e-01,5.258702382467518532e+00,2.537583258257618546e-01,0.000000000000000000e+00,7.561251934591317614e-01,4.789626150138282412e+00
-2.933399517599716688e+01,5.151861911693487173e-01,2.932079422696652315e+01,-1.013467841908964884e+00,1.122436203064686722e-01,1.890796341570720740e-01,5.258739878303969384e+00,2.537541892879837113e-01,0.000000000000000000e+00,7.561251934591317614e-01,4.789626150138282412e+00
-2.933410199854242606e+01,5.095729461335607446e-01,2.932099514012994135e+01,-1.007863697116622603e+00,1.125140383813197781e-01,1.879819533017124400e-01,5.258777714409546000e+00,2.537499821827495228e-01,0.000000000000000000e+00,7.561251934591317614e-01,4.789626150138282412e+00
-2.933420613568534208e+01,5.040406195090234576e-01,2.932119201169456346e+01,-1.002340320065930657e+00,1.127805528612828012e-01,1.869000937073499735e-01,5.258814799631108095e+00,2.537458258385391074e-01,0.000000000000000000e+00,7.561251934591317614e-01,4.789626150138282412e+00
-2.933430913606014201e+01,4.985082717473067748e-01,2.932138774702229611e+01,-9.968169025698787600e-01,1.130470630478908195e-01,1.858182274974317649e-01,5.258851681034641956e+00,2.537416596632466326e-01,0.000000000000000000e+00,7.561251934591317614e-01,4.789626150138282412e+00
-2.933441248153222247e+01,4.928949620577164348e-01,2.932158518473742248e+01,-9.912126340651152834e-01,1.133174679905403770e-01,1.847205264066872354e-01,5.258888893714741108e+00,2.537374224873300554e-01,0.000000000000000000e+00,7.561251934591317614e-01,4.789626150138282412e+00
-2.933451319172633731e+01,4.873625724164603601e-01,2.932177863094289449e+01,-9.856891357895407602e-01,1.135839694937080813e-01,1.836386469752007977e-01,5.258925364497186727e+00,2.537332365064760564e-01,0.000000000000000000e+00,7.561251934591317614e-01,4.789626150138282412e+00
-2.933461276513947880e+01,4.818301623369067865e-01,2.932197094088690648e+01,-9.801655977663629171e-01,1.138504666698542112e-01,1.825567610337041347e-01,5.258961631458554109e+00,2.537290406949726518e-01,0.000000000000000000e+00,7.561251934591317614e-01,4.789626150138282412e+00
-2.933471263349899161e+01,4.762167901328714370e-01,2.932216490307849455e+01,-9.745612076850895811e-01,1.141208583772447827e-01,1.814590400307358742e-01,5.258998220703827720e+00,2.537247734496984042e-01,0.000000000000000000e+00,7.561251934591317614e-01,4.789626150138282412e+00
-2.933480991670593596e+01,4.706843395830781485e-01,2.932235492385110831e+01,-9.690375902894261539e-01,1.143873468020636941e-01,1.803771410805620201e-01,5.259034077037993526e+00,2.537205578335082201e-01,0.000000000000000000e+00,7.561251934591317614e-01,4.789626150138282412e+00
-2.933490606311945470e+01,4.651518692944287547e-01,2.932254380833808227e+01,-9.635139338444813628e-01,1.146538308661694816e-01,1.792952357260322593e-01,5.259069729548063954e+00,2.537163323871037268e-01,0.000000000000000000e+00,7.561251934591317614e-01,4.789626150138282412e+00
-2.933500245432834319e+01,4.595384367152574590e-01,2.932273429493222139e+01,-9.579094243225840799e-01,1.149242092352523170e-01,1.781974951339897750e-01,5.259105695349298948e+00,2.537120350738029662e-01,0.000000000000000000e+00,7.561251934591317614e-01,4.789626150138282412e+00
-2.933509631051104094e+01,4.540059273654196703e-01,2.932292089019955128e+01,-9.523856899119580444e-01,1.151906844801600660e-01,1.771155769836236793e-01,5.259140937226142398e+00,2.537077898235903239e-01,0.000000000000000000e+00,7.561251934591317614e-01,4.789626150138282412e+00
-2.933518902988829424e+01,4.484733989761747752e-01,2.932310634915750214e+01,-9.468619171503876997e-01,1.154571553306647236e-01,1.760336525345567726e-01,5.259175975275921289e+00,2.537035347436007449e-01,0.000000000000000000e+00,7.561251934591317614e-01,4.789626150138282412e+00
-2.933528194390981980e+01,4.428599081612475952e-01,2.932329336008159260e+01,-9.412572903238458633e-01,1.157275202583937235e-01,1.749358926766012290e-01,5.259211317624028048e+00,2.536992073636105127e-01,0.000000000000000000e+00,7.561251934591317614e-01,4.789626150138282412e+00
-2.933537237303249512e+01,4.373273421199284638e-01,2.932347652977252395e+01,-9.357334410034758854e-01,1.159939822218305772e-01,1.738539556445498901e-01,5.259245945034635383e+00,2.536949324806956341e-01,0.000000000000000000e+00,7.561251934591317614e-01,4.789626150138282412e+00
-2.933546296328420766e+01,4.317138135792099596e-01,2.932366121792080804e+01,-9.301287369744429823e-01,1.162643381094893430e-01,1.727561830915643193e-01,5.259280870733757496e+00,2.536905850083547853e-01,0.000000000000000000e+00,7.561251934591317614e-01,4.789626150138282412e+00
-2.933555110213690753e+01,4.261812108272336475e-01,2.932384209831354482e+01,-9.246048120352071686e-01,1.165307911405173702e-01,1.716742336187201956e-01,5.259315087501273744e+00,2.536862903231065225e-01,0.000000000000000000e+00,7.561251934591317614e-01,4.789626150138282412e+00
-2.933563810416509909e+01,4.206485902029700186e-01,2.932402184235826681e+01,-9.190808499103082507e-01,1.167972397209310342e-01,1.705922780234833958e-01,5.259349100436863544e+00,2.536819858088154578e-01,0.000000000000000000e+00,7.561251934591317614e-01,4.789626150138282412e+00
-2.933572521717110604e+01,4.150350069955749399e-01,2.932420305471833188e+01,-9.134760321400867689e-01,1.170675819953403141e-01,1.694944867437021552e-01,5.259383402667987539e+00,2.536776082720298420e-01,0.000000000000000000e+00,7.561251934591317614e-01,4.789626150138282412e+00
-2.933580992890702532e+01,4.095023510697438085e-01,2.932438050941894403e+01,-9.079519958032039595e-01,1.173340215754833660e-01,1.684125189205175899e-01,5.259417004954683783e+00,2.536732839562950703e-01,0.000000000000000000e+00,7.561251934591317614e-01,4.789626150138282412e+00
-2.933589350380757210e+01,4.039696779710690855e-01,2.932455682774895678e+01,-9.024279229790094226e-01,1.176004566713278049e-01,1.673305450805926686e-01,5.259450403406592756e+00,2.536689498119598096e-01,0.000000000000000000e+00,7.561251934591317614e-01,4.789626150138282412e+00
-2.933597713953468400e+01,3.983560422363869313e-01,2.932473456425174163e+01,-8.968229936036484773e-01,1.178707852294576530e-01,1.662327353971737309e-01,5.259484082160980734e+00,2.536645422120833993e-01,0.000000000000000000e+00,7.561251934591317614e-01,4.789626150138282412e+00
-2.933605842412152143e+01,3.928233352452960570e-01,2.932490859319258547e+01,-8.912988479744283765e-01,1.181372112571707211e-01,1.651507495421569716e-01,5.259517069958282498e+00,2.536601882671983277e-01,0.000000000000000000e+00,7.561251934591317614e-01,4.789626150138282412e+00
-2.933613857186258045e+01,3.872906117807637383e-01,2.932508148574070006e+01,-8.857746665562142852e-01,1.184036327669050342e-01,1.640687577760435722e-01,5.259549853917982354e+00,2.536558244941575224e-01,0.000000000000000000e+00,7.561251934591317614e-01,4.789626150138282412e+00
-2.933621873027891880e+01,3.816769256583000813e-01,2.932525574631847221e+01,-8.801696277119011036e-01,1.186739475057260879e-01,1.629709300121660598e-01,5.259582909187021649e+00,2.536513868325503407e-01,0.000000000000000000e+00,7.561251934591317614e-01,4.789626150138282412e+00
-2.933629658768570891e+01,3.761441697105158410e-01,2.932542634943322923e+01,-8.746453748956475316e-01,1.189403598794717826e-01,1.618889264438182762e-01,5.259615282486485022e+00,2.536470032598575064e-01,0.000000000000000000e+00,7.561251934591317614e-01,4.789626150138282412e+00
-2.933637330823672329e+01,3.706113979887467602e-01,2.932559581613353572e+01,-8.691210869887791013e-01,1.192067677015578864e-01,1.608069170700278105e-01,5.259647451945574481e+00,2.536426098594555811e-01,0.000000000000000000e+00,7.561251934591317614e-01,4.789626150138282412e+00
-2.933644998931173831e+01,3.649976636179061984e-01,2.932576660071988073e+01,-8.635159408116226398e-01,1.194770685180517461e-01,1.597090715488495294e-01,5.259679883720781213e+00,2.536381421374839240e-01,0.000000000000000000e+00,7.561251934591317614e-01,4.789626150138282412e+00
-2.933652441950880885e+01,3.594648608219898067e-01,2.932593377794353984e+01,-8.579915829136564032e-01,1.197434671362989644e-01,1.586270505856695323e-01,5.259711642514090180e+00,2.536337289383319704e-01,0.000000000000000000e+00,7.561251934591317614e-01,4.789626150138282412e+00
-2.933659877671455618e+01,3.538510954004353004e-01,2.932610223954273465e+01,-8.523863661987336471e-01,1.200137585912795790e-01,1.575291933777697440e-01,5.259743657613441314e+00,2.536292411282531356e-01,0.000000000000000000e+00,7.561251934591317614e-01,4.789626150138282412e+00
-2.933667091654501036e+01,3.483182624718767495e-01,2.932626712726128915e+01,-8.468619392497376275e-01,1.202801479603554102e-01,1.564471609674060737e-01,5.259775005737315823e+00,2.536248081309560587e-01,0.000000000000000000e+00,7.561251934591317614e-01,4.789626150138282412e+00
-2.933674191950398580e+01,3.427854149365270886e-01,2.932643087853012176e+01,-8.413374783755387387e-01,1.205465327215725080e-01,1.553651229279183199e-01,5.259806150016279602e+00,2.536203653066997910e-01,0.000000000000000000e+00,7.561251934591317614e-01,4.789626150138282412e+00
-2.933681279932040198e+01,3.371716048358277540e-01,2.932659586403005036e+01,-8.357321578915571925e-01,1.208168100823712315e-01,1.542672485018531936e-01,5.259837541607937261e+00,2.536158474385498129e-01,0.000000000000000000e+00,7.561251934591317614e-01,4.789626150138282412e+00
-2.933688151189453563e+01,3.316387285772480209e-01,2.932675732575192740e+01,-8.302076293736019297e-01,1.210831855265586537e-01,1.531851992280854613e-01,5.259868275212063793e+00,2.536113848170574170e-01,0.000000000000000000e+00,7.561251934591317614e-01,4.789626150138282412e+00
-2.933694908758836206e+01,3.261058384108210806e-01,2.932691765100354075e+01,-8.246830676283305461e-01,1.213495563292365936e-01,1.521031444307462677e-01,5.259898804968621278e+00,2.536069123690575799e-01,0.000000000000000000e+00,7.561251934591317614e-01,4.789626150138282412e+00
-2.933701648998842160e+01,3.204919857704769948e-01,2.932707916034130946e+01,-8.190776455115544863e-01,1.216198194928469478e-01,1.510052531096891526e-01,5.259929573044447970e+00,2.536023644442192415e-01,0.000000000000000000e+00,7.561251934591317614e-01,4.789626150138282412e+00
-2.933708177528005123e+01,3.149590682902669303e-01,2.932723719600498313e+01,-8.135530175298497646e-01,1.218861809106393801e-01,1.499231872909799201e-01,5.259959692120848906e+00,2.535978721998964347e-01,0.000000000000000000e+00,7.561251934591317614e-01,4.789626150138282412e+00
-2.933714592368297858e+01,3.094261376017110599e-01,2.932739409517827411e+01,-8.080283570192798859e-01,1.221525376532467816e-01,1.488411160543605949e-01,5.259989607347066887e+00,2.535933701295203235e-01,0.000000000000000000e+00,7.561251934591317614e-01,4.789626150138282412e+00
-2.933720984864100245e+01,3.038122445612623235e-01,2.932755212829233571e+01,-8.024228354060367607e-01,1.224227865166666596e-01,1.477432081614918624e-01,5.260019751899054796e+00,2.535887921493827912e-01,0.000000000000000000e+00,7.561251934591317614e-01,4.789626150138282412e+00
-2.933727170662523775e+01,2.982792879680926657e-01,2.932770673783756976e+01,-7.968981100660937900e-01,1.226891338065500270e-01,1.466611261163575375e-01,5.260049256439883969e+00,2.535842702836008100e-01,0.000000000000000000e+00,7.561251934591317614e-01,4.789626150138282412e+00
-2.933733242771280914e+01,2.927463188660355820e-01,2.932786021087273198e+01,-7.913733528957012098e-01,1.229554763875769369e-01,1.455790387589658008e-01,5.260078557127952692e+00,2.535797385922216596e-01,0.000000000000000000e+00,7.561251934591317614e-01,4.789626150138282412e+00
-2.933739287520443284e+01,2.871323875650617086e-01,2.932801476770286087e+01,-7.857677339223797519e-01,1.232257108478085339e-01,1.444811146174727612e-01,5.260108078148223676e+00,2.535751305581803172e-01,0.000000000000000000e+00,7.561251934591317614e-01,4.789626150138282412e+00
-2.933745130585770511e+01,2.815993939675940361e-01,2.932816595107073709e+01,-7.802429133297232866e-01,1.234920439082753812e-01,1.433990166644273367e-01,5.260136968145758374e+00,2.535705790723163933e-01,0.000000000000000000e+00,7.561251934591317614e-01,4.789626150138282412e+00
-2.933750942939992612e+01,2.759854382900656100e-01,2.932831818472169871e+01,-7.746372304827721100e-01,1.237622686856850174e-01,1.423010818443247449e-01,5.260166072465197296e+00,2.535659509545014068e-01,0.000000000000000000e+00,7.561251934591317614e-01,4.789626150138282412e+00
-2.933756556960896233e+01,2.704524211387492327e-01,2.932846707839656730e+01,-7.691123474080230338e-01,1.240285921802693758e-01,1.412189734378407613e-01,5.260194551768805127e+00,2.535613796747701598e-01,0.000000000000000000e+00,7.561251934591317614e-01,4.789626150138282412e+00
-2.933762057290901026e+01,2.649193926457072967e-01,2.932861483552947490e+01,-7.635874336682622054e-01,1.242949109098154675e-01,1.401368598954098321e-01,5.260222827215451424e+00,2.535567985702077420e-01,0.000000000000000000e+00,7.561251934591317614e-01,4.789626150138282412e+00
-2.933767521894713681e+01,2.593054022769849531e-01,2.932876359279897116e+01,-7.579816570252915220e-01,1.245651211122254659e-01,1.390389093658313813e-01,5.260251307990320591e+00,2.535521404008307389e-01,0.000000000000000000e+00,7.561251934591317614e-01,4.789626150138282412e+00
-2.933772793178878757e+01,2.537723516392887957e-01,2.932890906020108446e+01,-7.524566822105632768e-01,1.248314302080602289e-01,1.379567855828209844e-01,5.260279172738037801e+00,2.535475395033291446e-01,0.000000000000000000e+00,7.561251934591317614e-01,4.789626150138282412e+00
-2.933777950771463949e+01,2.482392903594094757e-01,2.932905339104270226e+01,-7.469316774293419670e-01,1.250977345051866307e-01,1.368746567695322547e-01,5.260306833626325229e+00,2.535429287814577881e-01,0.000000000000000000e+00,7.561251934591317614e-01,4.789626150138282412e+00
-2.933783067622784202e+01,2.426252674390618480e-01,2.932919867187403895e+01,-7.413258091267900252e-01,1.253679300296161592e-01,1.357766908536619521e-01,5.260334690849091110e+00,2.535382405619309720e-01,0.000000000000000000e+00,7.561251934591317614e-01,4.789626150138282412e+00
-2.933787996168202028e+01,2.370921854237313109e-01,2.932934071294796397e+01,-7.358007446777500293e-01,1.256342246252060979e-01,1.346945520126544282e-01,5.260361941033534272e+00,2.535336100480526378e-01,0.000000000000000000e+00,7.561251934591317614e-01,4.789626150138282412e+00
-2.933792811021402969e+01,2.315590934657161815e-01,2.932948161744328885e+01,-7.302756509606996849e-01,1.259005143884218136e-01,1.336124082470286356e-01,5.260388987356131807e+00,2.535289697102682815e-01,0.000000000000000000e+00,7.561251934591317614e-01,4.789626150138282412e+00
-2.933797580118280379e+01,2.259450401333003566e-01,2.932962342178109338e+01,-7.246696931350157245e-01,1.261706951318967984e-01,1.325144272680480184e-01,5.260416221019389660e+00,2.535242514420097404e-01,0.000000000000000000e+00,7.561251934591317614e-01,4.789626150138282412e+00
-2.933802165923072636e+01,2.204119288490928030e-01,2.932976203647269386e+01,-7.191445411573658131e-01,1.264369751257522767e-01,1.314322736875748188e-01,5.260442856633305020e+00,2.535195913131544909e-01,0.000000000000000000e+00,7.561251934591317614e-01,4.789626150138282412e+00
-2.933806638035053282e+01,2.148788083216789657e-01,2.932989951456802302e+01,-7.136193606101749465e-01,1.267032502535705707e-01,1.303501152881395564e-01,5.260469288382996211e+00,2.535149213608590135e-01,0.000000000000000000e+00,7.561251934591317614e-01,4.789626150138282412e+00
-2.933811059375670638e+01,2.092647267168116221e-01,2.933003784235825151e+01,-7.080133153978903637e-01,1.269734161131202965e-01,1.292521195692417912e-01,5.260495898479472743e+00,2.535101730452932189e-01,0.000000000000000000e+00,7.561251934591317614e-01,4.789626150138282412e+00
-2.933815302438089390e+01,2.037315882724476390e-01,2.933017303061469505e+01,-7.024880779973176059e-01,1.272396814037594914e-01,1.281699515678274004e-01,5.260521919515736222e+00,2.535054833028671517e-01,0.000000000000000000e+00,7.561251934591317614e-01,4.789626150138282412e+00
-2.933819491377682809e+01,1.981174889665394401e-01,2.933030903505301623e+01,-6.968819755772206470e-01,1.275098372592036178e-01,1.270719461786902760e-01,5.260548112888282724e+00,2.535007149079527289e-01,0.000000000000000000e+00,7.561251934591317614e-01,4.789626150138282412e+00
-2.933823505389818109e+01,1.925843335469557271e-01,2.933044193344757389e+01,-6.913566822636516562e-01,1.277760926673459363e-01,1.259897687175446368e-01,5.260573723207990327e+00,2.534960053760266785e-01,0.000000000000000000e+00,7.561251934591317614e-01,4.789626150138282412e+00
-2.933827405708246516e+01,1.870511700508781794e-01,2.933057369521734614e+01,-6.858313615455882140e-01,1.280423431533065648e-01,1.249075866136591384e-01,5.260599129659601303e+00,2.534912860214415531e-01,0.000000000000000000e+00,7.561251934591317614e-01,4.789626150138282412e+00
-2.933831246888842870e+01,1.814370460419910680e-01,2.933070622302088637e+01,-6.802251753032662052e-01,1.283124839530555283e-01,1.238095670237803203e-01,5.260624699453522624e+00,2.534864875816104091e-01,0.000000000000000000e+00,7.561251934591317614e-01,4.789626150138282412e+00
-2.933834918155979210e+01,1.759038669802830968e-01,2.933083569489505393e+01,-6.746998000797953532e-01,1.285787244886904546e-01,1.227273756731000059e-01,5.260649695183970742e+00,2.534817484384726538e-01,0.000000000000000000e+00,7.561251934591317614e-01,4.789626150138282412e+00
-2.933838475728930462e+01,1.703706805415684256e-01,2.933096403012793019e+01,-6.691743981503281979e-01,1.288449600684857255e-01,1.216451797853379535e-01,5.260674487044058267e+00,2.534769994731471687e-01,0.000000000000000000e+00,7.561251934591317614e-01,4.789626150138282412e+00
-2.933841969149066031e+01,1.647565339693219666e-01,2.933109308124618408e+01,-6.635681302223755962e-01,1.291150857095851590e-01,1.205471463179118713e-01,5.260699433252425727e+00,2.534721709898403175e-01,0.000000000000000000e+00,7.561251934591317614e-01,4.789626150138282412e+00
-2.933845297669804708e+01,1.592233333742361368e-01,2.933121912655062857e+01,-6.580426751947752173e-01,1.293813112712459690e-01,1.194649413962271811e-01,5.260723814386830455e+00,2.534674022369134971e-01,0.000000000000000000e+00,7.561251934591317614e-01,4.789626150138282412e+00
-2.933848512495923089e+01,1.536901261016575260e-01,2.933134403519770572e+01,-6.525171941597107672e-01,1.296475318434098800e-01,1.183827320431242308e-01,5.260747991648651478e+00,2.534626236622719575e-01,0.000000000000000000e+00,7.561251934591317614e-01,4.789626150138282412e+00
-2.933851658154265962e+01,1.480759591056799440e-01,2.933146960958148242e+01,-6.469108466827531156e-01,1.299176422229112449e-01,1.172846850213476039e-01,5.260772314264666072e+00,2.534577651369367413e-01,0.000000000000000000e+00,7.561251934591317614e-01,4.789626150138282412e+00
-2.933854643927339012e+01,1.425427390859708154e-01,2.933159222826817114e+01,-6.413853139568258532e-01,1.301838527091368769e-01,1.162024668471909744e-01,5.260796080796370511e+00,2.534529667756493243e-01,0.000000000000000000e+00,7.561251934591317614e-01,4.789626150138282412e+00
-2.933857516005399546e+01,1.370095130883333678e-01,2.933171371028184282e+01,-6.358597559220247053e-01,1.304500581722079500e-01,1.151202443472897213e-01,5.260819643453308991e+00,2.534481585931224190e-01,0.000000000000000000e+00,7.561251934591317614e-01,4.789626150138282412e+00
-2.933860313900750683e+01,1.313953278082605758e-01,2.933183580788328015e+01,-6.302533310327177452e-01,1.307201531871684252e-01,1.140221840943614340e-01,5.260843342470297834e+00,2.534432700272124528e-01,0.000000000000000000e+00,7.561251934591317614e-01,4.789626150138282412e+00
-2.933862956925019461e+01,1.258620904727621448e-01,2.933195499990547361e+01,-6.247277227143677170e-01,1.309863484965000657e-01,1.129399529862815804e-01,5.260866494392769432e+00,2.534384420589990694e-01,0.000000000000000000e+00,7.561251934591317614e-01,4.789626150138282412e+00
-2.933865522415193539e+01,1.202478941661813544e-01,2.933207477400157970e+01,-6.191212472824144664e-01,1.312564331862086375e-01,1.118418840712962353e-01,5.260889776664621209e+00,2.534335334182554189e-01,0.000000000000000000e+00,7.561251934591317614e-01,4.789626150138282412e+00
-2.933867936385221142e+01,1.147146464342811562e-01,2.933219167601201605e+01,-6.135955896206769511e-01,1.315226182965087698e-01,1.107596444972339528e-01,5.260912517849765990e+00,2.534286856649987096e-01,0.000000000000000000e+00,7.561251934591317614e-01,4.789626150138282412e+00
-2.933870236659678454e+01,1.091813938917619575e-01,2.933230744132428924e+01,-6.080699078157654203e-01,1.317887983274969588e-01,1.096774007737676415e-01,5.260935055156601869e+00,2.534238280913001518e-01,0.000000000000000000e+00,7.561251934591317614e-01,4.789626150138282412e+00
-2.933872454385156203e+01,1.035671828706224012e-01,2.933242373856117169e+01,-6.024633585360776866e-01,1.320588674809398955e-01,1.085793191668233543e-01,5.260957713818592119e+00,2.534188894124206337e-01,0.000000000000000000e+00,7.561251934591317614e-01,4.789626150138282412e+00
-2.933874525604771932e+01,9.803392134100187560e-02,2.933253721383205814e+01,-5.969376287951483340e-01,1.323250372451007517e-01,1.074970671902568814e-01,5.260979840383893880e+00,2.534140120546450881e-01,0.000000000000000000e+00,7.561251934591317614e-01,4.789626150138282412e+00
-2.933876483128541324e+01,9.250065570023631445e-02,2.933264955239029348e+01,-5.914118756095643192e-01,1.325912018963017469e-01,1.064148111699431409e-01,5.261001763068817283e+00,2.534091248769083649e-01,0.000000000000000000e+00,7.561251934591317614e-01,4.789626150138282412e+00
-2.933878353088477198e+01,8.688643210416675811e-02,2.933276237272362508e+01,-5.858052546188510235e-01,1.328612554105531030e-01,1.053167171942401281e-01,5.261023798114623951e+00,2.534041561613632476e-01,0.000000000000000000e+00,7.561251934591317614e-01,4.789626150138282412e+00
-2.933880081556891639e+01,8.135315888562770492e-02,2.933287242121171445e+01,-5.802794549046609296e-01,1.331274097271337165e-01,1.042344531337145719e-01,5.261045310053891200e+00,2.533992492005199826e-01,0.000000000000000000e+00,7.561251934591317614e-01,4.789626150138282412e+00
-2.933881696329227395e+01,7.581988225541913540e-02,2.933298133297310173e+01,-5.747536324443447420e-01,1.333935588971085218e-01,1.031521851350992863e-01,5.261066618110758597e+00,2.533943324201982095e-01,0.000000000000000000e+00,7.561251934591317614e-01,4.789626150138282412e+00
-2.933883218522908720e+01,7.020564822412510286e-02,2.933309067635988754e+01,-5.691469418794137258e-01,1.336635966692449884e-01,1.020540791138539322e-01,5.261088029534183086e+00,2.533893336694639231e-01,0.000000000000000000e+00,7.561251934591317614e-01,4.789626150138282412e+00
-2.933884604239464267e+01,6.467236542544978206e-02,2.933319729802325071e+01,-5.636210742978974286e-01,1.339297354368114423e-01,1.009718032879119709e-01,5.261108926841355782e+00,2.533843971070101619e-01,0.000000000000000000e+00,7.561251934591317614e-01,4.789626150138282412e+00
-2.933885876259750347e+01,5.913907991465376657e-02,2.933330278294627291e+01,-5.580951846688635420e-01,1.341958690241246976e-01,9.988952362955251518e-02,5.261129620264141771e+00,2.533794507255626161e-01,0.000000000000000000e+00,7.561251934591317614e-01,4.789626150138282412e+00
-2.933887050686597320e+01,5.352483758801279690e-02,2.933340864934484316e+01,-5.524884266667173804e-01,1.344658909512206901e-01,9.879140588601637019e-02,5.261150408059123151e+00,2.533744219411220300e-01,0.000000000000000000e+00,7.561251934591317614e-01,4.789626150138282412e+00
-2.933888093650764617e+01,4.799154731772312804e-02,2.933351184414283708e+01,-5.469624933235706088e-01,1.347320140683577194e-01,9.770911861315111080e-02,5.261170690728265598e+00,2.533694557785209356e-01,0.000000000000000000e+00,7.561251934591317614e-01,4.789626150138282412e+00
-2.933889035670210532e+01,4.237730064006249575e-02,2.933361538690191495e+01,-5.413556914452266611e-01,1.350020253490997191e-01,9.661099321594134037e-02,5.261191061758777821e+00,2.533644069238529806e-01,0.000000000000000000e+00,7.561251934591317614e-01,4.789626150138282412e+00
-2.933889849578081765e+01,3.684400655258738416e-02,2.933371629155730531e+01,-5.358297153290225712e-01,1.352681379507403303e-01,9.552869847093529987e-02,5.261210933671680579e+00,2.533594209807549236e-01,0.000000000000000000e+00,7.561251934591317614e-01,4.789626150138282412e+00
-2.933890549789463265e+01,3.131071091978409465e-02,2.933381605945059434e+01,-5.303037183305421287e-01,1.355342453160109095e-01,9.444640006975470181e-02,5.261230601696981424e+00,2.533544252194759872e-01,0.000000000000000000e+00,7.561251934591317614e-01,4.789626150138282412e+00
-2.933891144041402299e+01,2.569645951610706122e-02,2.933391612515488944e+01,-5.246968525795677740e-01,1.358042405800458097e-01,9.334826348941703544e-02,5.261250349089221956e+00,2.533493463335890761e-01,0.000000000000000000e+00,7.561251934591317614e-01,4.789626150138282412e+00
-2.933891615196294467e+01,2.016316147540614390e-02,2.933401360288001669e+01,-5.191708142154562999e-01,1.360703373620437973e-01,9.226595782897993592e-02,5.261269606354474604e+00,2.533443307927987775e-01,0.000000000000000000e+00,7.561251934591317614e-01,4.789626150138282412e+00
-2.933891972654624425e+01,1.462986258890403013e-02,2.933410994383059034e+01,-5.136447556676753123e-01,1.363364288740307739e-01,9.118364861803784915e-02,5.261288659730258388e+00,2.533393054343179296e-01,0.000000000000000000e+00,7.561251934591317614e-01,4.789626150138282412e+00
-2.933892219138829560e+01,9.015608598854755323e-03,2.933420653244195719e+01,-5.080378281809000418e-01,1.366064080184609120e-01,9.008550117778267585e-02,5.261307783478502920e+00,2.533341965187111411e-01,0.000000000000000000e+00,7.561251934591317614e-01,4.789626150138282412e+00
-2.933892347540564316e+01,3.482308713791745693e-03,2.933430058319968126e+01,-5.025117296749781470e-01,1.368724888794007888e-01,8.900318492047917807e-02,5.261326426090511710e+00,2.533291513817085283e-01,0.000000000000000000e+00,7.561251934591317614e-01,4.789626150138282412e+00
-2.933892362245705243e+01,-2.050991317617153770e-03,2.933439349717081157e+01,-4.969856116839292959e-01,1.371385644366941992e-01,8.792086521832682966e-02,5.261344864811226429e+00,2.533240964275075280e-01,0.000000000000000000e+00,7.561251934591317614e-01,4.789626150138282412e+00
-2.933892260962083043e+01,-7.665245754345536774e-03,2.933448660865244761e+01,-4.913786245982538214e-01,1.374085273586256040e-01,8.682270724137612639e-02,5.261363364909885654e+00,2.533189574836864910e-01,0.000000000000000000e+00,7.561251934591317614e-01,4.789626150138282412e+00
-2.933892046610611359e+01,-1.319854537500222275e-02,2.933457723240692872e+01,-4.858524680565455278e-01,1.376745921971027076e-01,8.574038070575421000e-02,5.261381392863183848e+00,2.533138827519572089e-01,0.000000000000000000e+00,7.561251934591317614e-01,4.789626150138282412e+00
-2.933891718562557926e+01,-1.873184444247743760e-02,2.933466671936320225e+01,-4.803262927283320494e-01,1.379406516982963071e-01,8.465805083095435946e-02,5.261399216923401845e+00,2.533087982035238661e-01,0.000000000000000000e+00,7.561251934591317614e-01,4.789626150138282412e+00
-2.933891269511146405e+01,-2.434609718621562682e-02,2.933475635367961587e+01,-4.747192481806560282e-01,1.382105982948424461e-01,8.355988264052760517e-02,5.261417093367016129e+00,2.533036292330005379e-01,0.000000000000000000e+00,7.561251934591317614e-01,4.789626150138282412e+00
-2.933890712406549639e+01,-2.987939443364967876e-02,2.933484355039630742e+01,-4.691930357092552462e-01,1.384766470094558055e-01,8.247754614514679616e-02,5.261434506656264887e+00,2.532985249080367818e-01,0.000000000000000000e+00,7.561251934591317614e-01,4.789626150138282412e+00
-2.933890030947444316e+01,-3.549364485353100063e-02,2.933493086095839786e+01,-4.635859539515475025e-01,1.387465826386653500e-01,8.137937130933506347e-02,5.261451966317974183e+00,2.532933358719827166e-01,0.000000000000000000e+00,7.561251934591317614e-01,4.789626150138282412e+00
-2.933889244786398010e+01,-4.102693933945443516e-02,2.933501576742066064e+01,-4.580597052772233391e-01,1.390126205214312072e-01,8.029702833557847419e-02,5.261468968833926674e+00,2.532882117711574010e-01,0.000000000000000000e+00,7.561251934591317614e-01,4.789626150138282412e+00
-2.933888344928888259e+01,-4.656023210485043390e-02,2.933509953706632700e+01,-4.525334389822453507e-01,1.392786530107859577e-01,7.921468219900044960e-02,5.261485767453913276e+00,2.532830778544573613e-01,0.000000000000000000e+00,7.561251934591317614e-01,4.789626150138282412e+00
-2.933887315702353504e+01,-5.217447726216652842e-02,2.933518337040695201e+01,-4.469263033275416852e-01,1.395485721429800541e-01,7.811649768893939860e-02,5.261502603451753579e+00,2.532778587942367543e-01,0.000000000000000000e+00,7.561251934591317614e-01,4.789626150138282412e+00
-2.933886186788609152e+01,-5.770776585676442444e-02,2.933526484977671345e+01,-4.414000022371358245e-01,1.398145937327301969e-01,7.703414528687656249e-02,5.261518991295033310e+00,2.532727051026797960e-01,0.000000000000000000e+00,7.561251934591317614e-01,4.789626150138282412e+00
-2.933884944178529963e+01,-6.324105203133267850e-02,2.933534519231944060e+01,-4.358736842246925258e-01,1.400806098954389123e-01,7.595178982766037645e-02,5.261535175240673823e+00,2.532675415957477139e-01,0.000000000000000000e+00,7.561251934591317614e-01,4.789626150138282412e+00
-2.933883567184957286e+01,-6.885528978639375575e-02,2.933542554840663286e+01,-4.302664968099731424e-01,1.403505124277464877e-01,7.485359596657997772e-02,5.261551387569531890e+00,2.532622925128891200e-01,0.000000000000000000e+00,7.561251934591317614e-01,4.789626150138282412e+00
-2.933882095518945476e+01,-7.438857038087799689e-02,2.933550360065284934e+01,-4.247401454096105811e-01,1.406165176230976255e-01,7.377123445477139219e-02,5.261567160735136639e+00,2.532571092321088124e-01,0.000000000000000000e+00,7.561251934591317614e-01,4.789626150138282412e+00
-2.933880510156769716e+01,-7.992184785575928707e-02,2.933558051606200578e+01,-4.192137777859054615e-01,1.408825173577755441e-01,7.268886999149234973e-02,5.261582730001476804e+00,2.532519161364552018e-01,0.000000000000000000e+00,7.561251934591317614e-01,4.789626150138282412e+00
-2.933878785396684918e+01,-8.553607606866245328e-02,2.933565739486515156e+01,-4.136065407483859868e-01,1.411524031873215568e-01,7.159066710266695499e-02,5.261598318656362849e+00,2.532466370324934490e-01,0.000000000000000000e+00,7.561251934591317614e-01,4.789626150138282412e+00
-2.933876970978966270e+01,-9.106934655443994775e-02,2.933573201995807267e+01,-4.080801411440195259e-01,1.414183918869058310e-01,7.050829679963765972e-02,5.261613477139424511e+00,2.532414241640041919e-01,0.000000000000000000e+00,7.561251934591317614e-01,4.789626150138282412e+00
-2.933875042865298610e+01,-9.660261322087443370e-02,2.933580550820435562e+01,-4.025537260151789698e-01,1.416843750921791545e-01,6.942592365085444028e-02,5.261628431721630861e+00,2.532362014811456730e-01,0.000000000000000000e+00,7.561251934591317614e-01,4.789626150138282412e+00
-2.933872970339358588e+01,-1.022168297522243335e-01,2.933587890969415568e+01,-3.969464414915906958e-01,1.419542441161190660e-01,6.832771205746188126e-02,5.261643396697692765e+00,2.532308923576213067e-01,0.000000000000000000e+00,7.561251934591317614e-01,4.789626150138282412e+00
-2.933870813170624103e+01,-1.077500880202498929e-01,2.933595010760532773e+01,-3.914199957896463689e-01,1.422202162185529917e-01,6.724533328182828729e-02,5.261657940493465802e+00,2.532256499029441055e-01,0.000000000000000000e+00,7.561251934591317614e-01,4.789626150138282412e+00
-2.933868508238627371e+01,-1.133642955522617402e-01,2.933602118524526148e+01,-3.858126807231244126e-01,1.424900739542348804e-01,6.614711605149298235e-02,5.261672488672065384e+00,2.532203207186770610e-01,0.000000000000000000e+00,7.561251934591317614e-01,4.789626150138282412e+00
-2.933866122015193767e+01,-1.188975444795516007e-01,2.933609009280920432e+01,-3.802862053892428484e-01,1.427560349085337243e-01,6.506473179138765051e-02,5.261686621679343645e+00,2.532150584928635206e-01,0.000000000000000000e+00,7.561251934591317614e-01,4.789626150138282412e+00
-2.933863622096266610e+01,-1.244307884210246740e-01,2.933615786351150945e+01,-3.747597156959249221e-01,1.430219903124517189e-01,6.398234486172135749e-02,5.261700550783214858e+00,2.532097864535252096e-01,0.000000000000000000e+00,7.561251934591317614e-01,4.789626150138282412e+00
-2.933860969399805896e+01,-1.300449807019333492e-01,2.933622546379215734e+01,-3.691523567084892266e-01,1.432918310709467569e-01,6.288411946606245473e-02,5.261714475275174330e+00,2.532044272522801509e-01,0.000000000000000000e+00,7.561251934591317614e-01,4.789626150138282412e+00
-2.933858240426801345e+01,-1.355782138933952496e-01,2.933629094412982496e+01,-3.636258387907868039e-01,1.435577752589921596e-01,6.180172726482196371e-02,5.261727993587534513e+00,2.531991354428292929e-01,0.000000000000000000e+00,7.561251934591317614e-01,4.789626150138282412e+00
-2.933855397758633643e+01,-1.411114413995207262e-01,2.933635528759742783e+01,-3.580993072123163090e-01,1.438237138630349132e-01,6.071933249969656970e-02,5.261741307995011496e+00,2.531938338203628125e-01,0.000000000000000000e+00,7.561251934591317614e-01,4.789626150138282412e+00
-2.933852397298720405e+01,-1.467256162896566352e-01,2.933641941049303981e+01,-3.524919064410321212e-01,1.440935375415019482e-01,5.962109926195398313e-02,5.261754608795818022e+00,2.531884446036970493e-01,0.000000000000000000e+00,7.561251934591317614e-01,4.789626150138282412e+00
-2.933849325577184786e+01,-1.522588316365235950e-01,2.933648146357946729e+01,-3.469653480457165484e-01,1.443594648619400400e-01,5.853869943814872523e-02,5.261767512408857428e+00,2.531831232121460329e-01,0.000000000000000000e+00,7.561251934591317614e-01,4.789626150138282412e+00
-2.933846140160859761e+01,-1.577920405985126506e-01,2.933654237978784707e+01,-3.414387766883304476e-01,1.446253865647547654e-01,5.745629715613997934e-02,5.261780212115579225e+00,2.531777920080904853e-01,0.000000000000000000e+00,7.561251934591317614e-01,4.789626150138282412e+00
-2.933842791938637262e+01,-1.634061959582608081e-01,2.933660302527397690e+01,-3.358313362702310401e-01,1.448951930603613880e-01,5.635805639954642038e-02,5.261792889220851421e+00,2.531723727775679889e-01,0.000000000000000000e+00,7.561251934591317614e-01,4.789626150138282412e+00
-2.933839377469741194e+01,-1.689393913517245882e-01,2.933666165108552093e+01,-3.303047395035735301e-01,1.451611034118425181e-01,5.527564927175816073e-02,5.261805178130292582e+00,2.531670218054598576e-01,0.000000000000000000e+00,7.561251934591317614e-01,4.789626150138282412e+00
-2.933835849306473520e+01,-1.744725796607954904e-01,2.933671914001146064e+01,-3.247781304735237740e-01,1.454270081120828118e-01,5.419323979144399089e-02,5.261817263132026135e+00,2.531616610213606178e-01,0.000000000000000000e+00,7.561251934591317614e-01,4.789626150138282412e+00
-2.933832153323217540e+01,-1.800867133505243411e-01,2.933677630806499792e+01,-3.191706525456815546e-01,1.456967973220021084e-01,5.309499183923890170e-02,5.261829316537512291e+00,2.531562117785511878e-01,0.000000000000000000e+00,7.561251934591317614e-01,4.789626150138282412e+00
-2.933828396108262737e+01,-1.856198866817843629e-01,2.933683150657931904e+01,-3.136440195139679199e-01,1.459626906031830096e-01,5.201257772605165364e-02,5.261840990739205637e+00,2.531508312274354799e-01,0.000000000000000000e+00,7.561251934591317614e-01,4.789626150138282412e+00
-2.933824467722518037e+01,-1.912340046973686758e-01,2.933688635070675588e+01,-3.080365177099447793e-01,1.462324682040454793e-01,5.091432514525982833e-02,5.261852627333563071e+00,2.531453619287616363e-01,0.000000000000000000e+00,7.561251934591317614e-01,4.789626150138282412e+00
-2.933820481456516660e+01,-1.967671621092974554e-01,2.933693925880007214e+01,-3.025098616169749066e-01,1.464983500209228739e-01,4.983190654142759246e-02,5.261863890733423865e+00,2.531399616113239048e-01,0.000000000000000000e+00,7.561251934591317614e-01,4.789626150138282412e+00
-2.933816381496934511e+01,-2.023003112696095396e-01,2.933699102999612052e+01,-2.969831944264564871e-01,1.467642261304691331e-01,4.874948576141796552e-02,5.261874950223348613e+00,2.531345514827560428e-01,0.000000000000000000e+00,7.561251934591317614e-01,4.789626150138282412e+00
-2.933812105352579991e+01,-2.079144040456794573e-01,2.933704239665535241e+01,-2.913756586779664426e-01,1.470339862741143200e-01,4.765122652427469796e-02,5.261885963111113007e+00,2.531290521744282151e-01,0.000000000000000000e+00,7.561251934591317614e-01,4.789626150138282412e+00
-2.933807776342981199e+01,-2.134475358774085285e-01,2.933709187741707325e+01,-2.858489698337903784e-01,1.472998508516397131e-01,4.656880146652419422e-02,5.261896611796589518e+00,2.531236222805813840e-01,0.000000000000000000e+00,7.561251934591317614e-01,4.789626150138282412e+00
-2.933803333640334898e+01,-2.189806587579896935e-01,2.933714022127513843e+01,-2.803222705907799650e-01,1.475657096882211639e-01,4.548637433828028875e-02,5.261907056570855445e+00,2.531181825761231186e-01,0.000000000000000000e+00,7.561251934591317614e-01,4.789626150138282412e+00
-2.933798709739001254e+01,-2.245947241546734918e-01,2.933718811044658992e+01,-2.747147030351955732e-01,1.478354522718271780e-01,4.438810876808244738e-02,5.261917445748122368e+00,2.531126532597284262e-01,0.000000000000000000e+00,7.561251934591317614e-01,4.789626150138282412e+00
-2.933794037987454217e+01,-2.301278282976905176e-01,2.933723416385785754e+01,-2.691879835458702019e-01,1.481012995086874728e-01,4.330567757495148301e-02,5.261927479715406086e+00,2.531071937910378544e-01,0.000000000000000000e+00,7.561251934591317614e-01,4.789626150138282412e+00
-2.933789252543436632e+01,-2.356609227898398273e-01,2.933727908035949739e+01,-2.636612543566207445e-01,1.483671409709839684e-01,4.222324441704942283e-02,5.261937309770245541e+00,2.531017245122569315e-01,0.000000000000000000e+00,7.561251934591317614e-01,4.789626150138282412e+00
-2.933784280886886009e+01,-2.412749586677563340e-01,2.933732349202492529e+01,-2.580536571308469362e-01,1.486368658917585628e-01,4.112497283700188022e-02,5.261947075233233129e+00,2.530961651893878228e-01,0.000000000000000000e+00,7.561251934591317614e-01,4.789626150138282412e+00
-2.933779266395172058e+01,-2.468080330131514344e-01,2.933736611806818928e+01,-2.525269091028489177e-01,1.489026956866277007e-01,4.004253582711023857e-02,5.261956494478646107e+00,2.530906761474257527e-01,0.000000000000000000e+00,7.561251934591317614e-01,4.789626150138282412e+00
-2.933774138211606441e+01,-2.523410970080827709e-01,2.933740760719628682e+01,-2.470001520737203360e-01,1.491685196733210927e-01,3.896009695814697804e-02,5.261965709810421998e+00,2.530851772958962465e-01,0.000000000000000000e+00,7.561251934591317614e-01,4.789626150138282412e+00
-2.933768818801732792e+01,-2.579551012277178645e-01,2.933744854133876245e+01,-2.413925273148174178e-01,1.494382268284718263e-01,3.786181969148501303e-02,5.261974851555485166e+00,2.530795879681517202e-01,0.000000000000000000e+00,7.561251934591317614e-01,4.789626150138282412e+00
-2.933763461571763287e+01,-2.634881436666646759e-01,2.933748773999777626e+01,-2.358657528545619053e-01,1.497040390800338239e-01,3.677937718344038986e-02,5.261983656075474691e+00,2.530740693544963338e-01,0.000000000000000000e+00,7.561251934591317614e-01,4.789626150138282412e+00
-2.933757909764898031e+01,-2.691021255368549747e-01,2.933752635015720145e+01,-2.302581108870519477e-01,1.499737343053952621e-01,3.568109629670045135e-02,5.261992380997621233e+00,2.530684599758567521e-01,0.000000000000000000e+00,7.561251934591317614e-01,4.789626150138282412e+00
-2.933752323489436264e+01,-2.746351454774312861e-01,2.933756325834045242e+01,-2.247313199369878611e-01,1.502395347765527744e-01,3.459865029198053166e-02,5.262000774704290507e+00,2.530629216007834192e-01,0.000000000000000000e+00,7.561251934591317614e-01,4.789626150138282412e+00
-2.933746623523252239e+01,-2.801681539012354505e-01,2.933759902960027333e+01,-2.192045211507804847e-01,1.505053293835040551e-01,3.351620260436926485e-02,5.262008964495430874e+00,2.530573734170188938e-01,0.000000000000000000e+00,7.561251934591317614e-01,4.789626150138282412e+00
-2.933740723966520036e+01,-2.857821005437096717e-01,2.933763416221145093e+01,-2.135968552155325106e-01,1.507750066717628568e-01,3.241791657029605145e-02,5.262017065693854079e+00,2.530517340361854717e-01,0.000000000000000000e+00,7.561251934591317614e-01,4.789626150138282412e+00
-2.933734794956281533e+01,-2.913150850599270369e-01,2.933766764298625773e+01,-2.080700413471487931e-01,1.510407894306130816e-01,3.133546559892001759e-02,5.262024844669459966e+00,2.530461660920652611e-01,0.000000000000000000e+00,7.561251934591317614e-01,4.789626150138282412e+00
-2.933728752256055117e+01,-2.968480573598592520e-01,2.933769998683325753e+01,-2.025432203413520815e-01,1.513065662916545373e-01,3.025301305033978316e-02,5.262032419728449817e+00,2.530405883397817135e-01,0.000000000000000000e+00,7.561251934591317614e-01,4.789626150138282412e+00
-2.933722504951705190e+01,-3.024619666350894520e-01,2.933773164188280802e+01,-1.969355325755005048e-01,1.515762255400341929e-01,2.915472219218352701e-02,5.262039897199848326e+00,2.530349189583702141e-01,0.000000000000000000e+00,7.561251934591317614e-01,4.789626150138282412e+00
-2.933716233208949475e+01,-3.079949136182516534e-01,2.933776169523641286e+01,-1.914086978951417550e-01,1.518419904852836566e-01,2.807226657274575904e-02,5.262047061441172069e+00,2.530293214467973506e-01,0.000000000000000000e+00,7.561251934591317614e-01,4.789626150138282412e+00
-2.933709847776984248e+01,-3.135278476856682706e-01,2.933779061165826363e+01,-1.858818567760551210e-01,1.521077494991263657e-01,2.698980948178229464e-02,5.262054021764843270e+00,2.530237141275913926e-01,0.000000000000000000e+00,7.561251934591317614e-01,4.789626150138282412e+00
-2.933703252727396915e+01,-3.191417174540687740e-01,2.933781878913411845e+01,-1.802741493168144582e-01,1.523773906048536686e-01,2.589151412280935038e-02,5.262060875506044511e+00,2.530180147472237961e-01,0.000000000000000000e+00,7.561251934591317614e-01,4.789626150138282412e+00
-2.933696638254513545e+01,-3.246746247955178410e-01,2.933784541505506027e+01,-1.747472959308089546e-01,1.526431376352168356e-01,2.480905417390161932e-02,5.262067425010001465e+00,2.530123876697987217e-01,0.000000000000000000e+00,7.561251934591317614e-01,4.789626150138282412e+00
-2.933689910093243824e+01,-3.302075185216939435e-01,2.933787090404075215e+01,-1.692204368048353946e-01,1.529088787005741523e-01,2.372659285916150010e-02,5.262073770595314670e+00,2.530067507852730713e-01,0.000000000000000000e+00,7.561251934591317614e-01,4.789626150138282412e+00
-2.933682967300932631e+01,-3.358213466437659500e-01,2.933789560393217144e+01,-1.636127117893558247e-01,1.531785015608863876e-01,2.262829332262619730e-02,5.262080000603271301e+00,2.530010214075774089e-01,0.000000000000000000e+00,7.561251934591317614e-01,4.789626150138282412e+00
-2.933676010100442966e+01,-3.413542122348110497e-01,2.933791880241030370e+01,-1.580858418040871904e-01,1.534442305750823021e-01,2.154582936285169906e-02,5.262085935366905609e+00,2.529953647659070048e-01,0.000000000000000000e+00,7.561251934591317614e-01,4.789626150138282412e+00
-2.933668939212431681e+01,-3.468870635111330203e-01,2.933794086395010936e+01,-1.525589667775402725e-01,1.537099535906789050e-01,2.046336414292469416e-02,5.262091666210944041e+00,2.529896983176703196e-01,0.000000000000000000e+00,7.561251934591317614e-01,4.789626150138282412e+00
-2.933661648680042688e+01,-3.525008478473456996e-01,2.933796208624768198e+01,-1.469512263430267085e-01,1.539795581028179372e-01,1.936506075209282543e-02,5.262097272482741950e+00,2.529839389442809505e-01,0.000000000000000000e+00,7.561251934591317614e-01,4.789626150138282412e+00
-2.933654348754598473e+01,-3.580336695793360224e-01,2.933798185727417263e+01,-1.414243418648609141e-01,1.542452689995736648e-01,1.828259310005215729e-02,5.262102592503224763e+00,2.529782527399781489e-01,0.000000000000000000e+00,7.561251934591317614e-01,4.789626150138282412e+00
-2.933646825834487970e+01,-3.636474234617994572e-01,2.933800075554551157e+01,-1.358165923171061884e-01,1.545148611926519255e-01,1.718428731359568709e-02,5.262107781940335904e+00,2.529724733218491339e-01,0.000000000000000000e+00,7.561251934591317614e-01,4.789626150138282412e+00
-2.933639296872852853e+01,-3.691802147080215923e-01,2.933801823605532633e+01,-1.302896993277476989e-01,1.547805599253547215e-01,1.610181737167421662e-02,5.262112691136056952e+00,2.529667673622030266e-01,0.000000000000000000e+00,7.561251934591317614e-01,4.789626150138282412e+00
-2.933631654225235863e+01,-3.747129904722989457e-01,2.933803457962263295e+01,-1.247628024630799692e-01,1.550462526034029898e-01,1.501934634597459732e-02,5.262117396410685544e+00,2.529610515968867546e-01,0.000000000000000000e+00,7.561251934591317614e-01,4.789626150138282412e+00
-2.933623783569756682e+01,-3.803266969993947533e-01,2.933805000028736387e+01,-1.191550410619690026e-01,1.553158262768842279e-01,1.392103724456458975e-02,5.262121962107063844e+00,2.529552421858048961e-01,0.000000000000000000e+00,7.561251934591317614e-01,4.789626150138282412e+00
-2.933615911887880756e+01,-3.858594408690343425e-01,2.933806405333368872e+01,-1.136281370934788537e-01,1.555815067232227955e-01,1.283856414184610627e-02,5.262126256555196946e+00,2.529495066662303393e-01,0.000000000000000000e+00,7.561251934591317614e-01,4.789626150138282412e+00
-2.933607926521003861e+01,-3.913921685570299625e-01,2.933807696943558696e+01,-1.081012299486375783e-01,1.558471810813067959e-01,1.175609006108277454e-02,5.262130347081396486e+00,2.529437613415258523e-01,0.000000000000000000e+00,7.561251934591317614e-01,4.789626150138282412e+00
-2.933599708133155914e+01,-3.970058255895857480e-01,2.933808891248784079e+01,-1.024934588310773553e-01,1.561167361324666825e-01,1.065777796792944689e-02,5.262134289034474222e+00,2.529379219391417744e-01,0.000000000000000000e+00,7.561251934591317614e-01,4.789626150138282412e+00
-2.933591493734039446e+01,-4.025385199737742115e-01,2.933809953806532178e+01,-9.696654599009807418e-02,1.563823981911738048e-01,9.575302023071503854e-03,5.262137968732527149e+00,2.529321568612684090e-01,0.000000000000000000e+00,7.561251934591317614e-01,4.789626150138282412e+00
-2.933583165650946256e+01,-4.080711974768418404e-01,2.933810902669689114e+01,-9.143963067151122948e-02,1.566480541280391714e-01,8.492825205860454404e-03,5.262141444507849819e+00,2.529263819788069023e-01,0.000000000000000000e+00,7.561251934591317614e-01,4.789626150138282412e+00
-2.933574599533861260e+01,-4.136848028753918882e-01,2.933811749213210973e+01,-8.583185197472431582e-02,1.569175904541453559e-01,7.394510444237206888e-03,5.262144762715189827e+00,2.529205125867779458e-01,0.000000000000000000e+00,7.561251934591317614e-01,4.789626150138282412e+00
-2.933566042420634901e+01,-4.192174456655436421e-01,2.933812469023669678e+01,-8.030493236763802667e-02,1.571832340239736614e-01,6.312031975847765507e-03,5.262147827660803578e+00,2.529147179522411304e-01,0.000000000000000000e+00,7.561251934591317614e-01,4.789626150138282412e+00
-2.933557371624499410e+01,-4.247500708751281162e-01,2.933813075139431703e+01,-7.477801098166469984e-02,1.574488714383763532e-01,5.229552740792887261e-03,5.262150688682931232e+00,2.529089135136601274e-01,0.000000000000000000e+00,7.561251934591317614e-01,4.789626150138282412e+00
-2.933548457781441954e+01,-4.303636225002264726e-01,2.933813573920928164e+01,-6.917022684287621459e-02,1.577183889367037017e-01,4.131235633975121127e-03,5.262153383142221585e+00,2.529030141336498505e-01,0.000000000000000000e+00,7.561251934591317614e-01,4.789626150138282412e+00
-2.933539557957367094e+01,-4.358962115877995647e-01,2.933813950983823204e+01,-6.364330257604389196e-02,1.579840139164139234e-01,3.048754960659483260e-03,5.262155833333162391e+00,2.528971899440912163e-01,0.000000000000000000e+00,7.561251934591317614e-01,4.789626150138282412e+00
-2.933530411736359511e+01,-4.415097260843579563e-01,2.933814217361275567e+01,-5.803551599180639675e-02,1.582535187751722139e-01,1.950436466788005004e-03,5.262158110950148071e+00,2.528912705245117132e-01,0.000000000000000000e+00,7.561251934591317614e-01,4.789626150138282412e+00
-2.933521282885860515e+01,-4.470422781076106578e-01,2.933814365371238964e+01,-5.250858978545908107e-02,1.585191312749487380e-01,8.679544976271241774e-04,5.262160150308960560e+00,2.528854265847120808e-01,0.000000000000000000e+00,7.561251934591317614e-01,4.789626150138282412e+00
-2.933512040354328931e+01,-4.525748113840354914e-01,2.933814399686427166e+01,-4.698166296529127095e-02,1.587847375633063829e-01,-2.145280619980134836e-04,5.262161985743120773e+00,2.528795728417793653e-01,0.000000000000000000e+00,7.561251934591317614e-01,4.789626150138282412e+00
-2.933502546413090784e+01,-4.581882685380480602e-01,2.933814318301610768e+01,-4.137387450449209192e-02,1.590542234229302132e-01,-1.312848361756783957e-03,5.262163639608492538e+00,2.528736234370074221e-01,0.000000000000000000e+00,7.561251934591317614e-01,4.789626150138282412e+00
-2.933493074857474880e+01,-4.637207633410803664e-01,2.933814123563844234e+01,-3.584694715245112517e-02,1.593198171637066340e-01,-2.395332004307393001e-03,5.262165064209186838e+00,2.528677499449381583e-01,0.000000000000000000e+00,7.561251934591317614e-01,4.789626150138282412e+00
-2.933483489622008022e+01,-4.692532386978085501e-01,2.933813815131310321e+01,-3.032001988535920622e-02,1.595854046594843145e-01,-3.477816131623425160e-03,5.262166284884585821e+00,2.528618666502850387e-01,0.000000000000000000e+00,7.561251934591317614e-01,4.789626150138282412e+00
-2.933473647964157749e+01,-4.748666363699339255e-01,2.933813385984256783e+01,-2.471223168517938662e-02,1.598548714172700891e-01,-4.576137913998030125e-03,5.262167314996380796e+00,2.528558872620009224e-01,0.000000000000000000e+00,7.561251934591317614e-01,4.789626150138282412e+00
-2.933463833707033785e+01,-4.803990718441881191e-01,2.933812848498832793e+01,-1.918530529388040584e-02,1.601204462978227105e-01,-5.658622911313660256e-03,5.262168124837063310e+00,2.528499842193200342e-01,0.000000000000000000e+00,7.561251934591317614e-01,4.789626150138282412e+00
-2.933453905771286330e+01,-4.859314871727416496e-01,2.933812197318697201e+01,-1.365837968622835019e-02,1.603860148998025870e-01,-6.741108287709251384e-03,5.262168730751851875e+00,2.528440713746065160e-01,0.000000000000000000e+00,7.561251934591317614e-01,4.789626150138282412e+00
-2.933443716400573464e+01,-4.915448232235888337e-01,2.933811420409568171e+01,-8.050593883920764693e-03,1.606554624530504016e-01,-7.839431229412247015e-03,5.262169137108228867e+00,2.528380620044963778e-01,0.000000000000000000e+00,7.561251934591317614e-01,4.789626150138282412e+00
-2.933433559445682448e+01,-4.970771972606261024e-01,2.933810540176693138e+01,-2.523670559703150573e-03,1.609210183721672960e-01,-8.921917262884999922e-03,5.262169332187134785e+00,2.528321294128678676e-01,0.000000000000000000e+00,7.561251934591317614e-01,4.789626150138282412e+00
-2.933423288813437679e+01,-5.026095504525257551e-01,2.933809546249203137e+01,3.003251282122088028e-03,1.611865679791375794e-01,-1.000440356974223455e-02,5.262169323339589866e+00,2.528261870197602290e-01,0.000000000000000000e+00,7.561251934591317614e-01,4.789626150138282412e+00
-2.933412751733746759e+01,-5.082228227427995071e-01,2.933808421578295977e+01,8.611032549377228840e-03,1.614559962251585490e-01,-1.110272734749815152e-02,5.262169105938846236e+00,2.528201476695167149e-01,0.000000000000000000e+00,7.561251934591317614e-01,4.789626150138282412e+00
-2.933402252084959372e+01,-5.137551332341080412e-01,2.933807198598304566e+01,1.413795070007900501e-02,1.617215330816303698e-01,-1.218521409849927448e-02,5.262168686254336869e+00,2.528141855306108576e-01,0.000000000000000000e+00,7.561251934591317614e-01,4.789626150138282412e+00
-2.933391482639020253e+01,-5.193683617216475756e-01,2.933805841523864544e+01,1.974572774525851226e-02,1.619909483676928441e-01,-1.328353825476469470e-02,5.262168052005568697e+00,2.528081261460591866e-01,0.000000000000000000e+00,7.561251934591317614e-01,4.789626150138282412e+00
-2.933380753975477262e+01,-5.249006285713034847e-01,2.933804389491581333e+01,2.527264126469247474e-02,1.622564724284976945e-01,-1.436602530772488825e-02,5.262167221483420754e+00,2.528021442621032344e-01,0.000000000000000000e+00,7.561251934591317614e-01,4.789626150138282412e+00
-2.933369911636795280e+01,-5.304328734085161923e-01,2.933802823764940371e+01,3.079955213556639926e-02,1.625219901211282236e-01,-1.544851245764730652e-02,5.262166187033985310e+00,2.527961525775963003e-01,0.000000000000000000e+00,7.561251934591317614e-01,4.789626150138282412e+00
-2.933358794488650645e+01,-5.360460345665198911e-01,2.933801118929510210e+01,3.640732108020983127e-02,1.627913859286626574e-01,-1.654683691063325857e-02,5.262164929025537674e+00,2.527900632157488170e-01,0.000000000000000000e+00,7.561251934591317614e-01,4.789626150138282412e+00
-2.933347723137960017e+01,-5.415782343530326504e-01,2.933799324150961496e+01,4.193422591212969675e-02,1.630568907579988958e-01,-1.762932414957931598e-02,5.262163483737525738e+00,2.527840517873154447e-01,0.000000000000000000e+00,7.561251934591317614e-01,4.789626150138282412e+00
-2.933336538113515601e+01,-5.471104114276630348e-01,2.933797415678267129e+01,4.746112739672225800e-02,1.633223891855921650e-01,-1.871181137978565612e-02,5.262161834521780435e+00,2.527780305588900878e-01,0.000000000000000000e+00,7.561251934591317614e-01,4.789626150138282412e+00
-2.933325073267403127e+01,-5.527235031169261958e-01,2.933795363082497687e+01,5.306888610367971326e-02,1.635917654119304898e-01,-1.981013580621602752e-02,5.262159952752294423e+00,2.527719112214559805e-01,0.000000000000000000e+00,7.561251934591317614e-01,4.789626150138282412e+00
-2.933313659233784065e+01,-5.582556337318267392e-01,2.933793225558367368e+01,5.859578014163435711e-02,1.638572509086071438e-01,-2.089262291250928300e-02,5.262157892697119976e+00,2.527658702502320054e-01,0.000000000000000000e+00,7.561251934591317614e-01,4.789626150138282412e+00
-2.933302131527839407e+01,-5.637877409355104286e-01,2.933790974340346125e+01,6.412267013359174150e-02,1.641227299699792586e-01,-2.197510990437911635e-02,5.262155628713807154e+00,2.527598194795767084e-01,0.000000000000000000e+00,7.561251934591317614e-01,4.789626150138282412e+00
-2.933290318988128575e+01,-5.694007610167829414e-01,2.933788573985020065e+01,6.973041646564581697e-02,1.643920865124573472e-01,-2.307343398096172588e-02,5.262153123182054415e+00,2.527536701682714937e-01,0.000000000000000000e+00,7.561251934591317614e-01,4.789626150138282412e+00
-2.933278562275931378e+01,-5.749328203517963809e-01,2.933786093716122423e+01,7.525729760335603258e-02,1.646575525752988489e-01,-2.415592063599445935e-02,5.262150448358545951e+00,2.527475996559495619e-01,0.000000000000000000e+00,7.561251934591317614e-01,4.789626150138282412e+00
-2.933266691892880118e+01,-5.804648555761473538e-01,2.933783499753633350e+01,8.078417399628068374e-02,1.649230121692709106e-01,-2.523840707089580401e-02,5.262147569606541175e+00,2.527415193447592467e-01,0.000000000000000000e+00,7.561251934591317614e-01,4.789626150138282412e+00
-2.933254531664072218e+01,-5.860778019102542702e-01,2.933780751639664430e+01,8.639190581626621235e-02,1.651923489252344057e-01,-2.633673047434589159e-02,5.262144440311416815e+00,2.527353400613046031e-01,0.000000000000000000e+00,7.561251934591317614e-01,4.789626150138282412e+00
-2.933242432277777567e+01,-5.916097878569650526e-01,2.933777928626945197e+01,9.191877194728997891e-02,1.654577954530645489e-01,-2.741921635947556710e-02,5.262141150718533389e+00,2.527292400095836333e-01,0.000000000000000000e+00,7.561251934591317614e-01,4.789626150138282412e+00
-2.933230039696352165e+01,-5.972226837144831713e-01,2.933774948111882708e+01,9.752649287768622166e-02,1.657271189287864988e-01,-2.851753913285703240e-02,5.262137604571541338e+00,2.527230406971724963e-01,0.000000000000000000e+00,7.561251934591317614e-01,4.789626150138282412e+00
-2.933217711308873632e+01,-6.027546194414196146e-01,2.933771896049412575e+01,1.030533478055471464e-01,1.659925523452673024e-01,-2.960002432580542339e-02,5.262133904137369811e+00,2.527169209056829846e-01,0.000000000000000000e+00,7.561251934591317614e-01,4.789626150138282412e+00
-2.933205269253092595e+01,-6.082865298915600683e-01,2.933768730293947513e+01,1.085801968235680648e-01,1.662579792369230924e-01,-3.068250912241098083e-02,5.262129999774193045e+00,2.527107913162679464e-01,0.000000000000000000e+00,7.561251934591317614e-01,4.789626150138282412e+00
-2.933192528990375791e+01,-6.138993484331355388e-01,2.933765402022063640e+01,1.141878996764216780e-01,1.665272827548864298e-01,-3.178083068330735811e-02,5.262125829862283943e+00,2.527045620345935717e-01,0.000000000000000000e+00,7.561251934591317614e-01,4.789626150138282412e+00
-2.933179857936565327e+01,-6.194312072545391512e-01,2.933762007217639578e+01,1.197147360836088303e-01,1.667926964675887358e-01,-3.286331457479010204e-02,5.262121514657278176e+00,2.526984127065529107e-01,0.000000000000000000e+00,7.561251934591317614e-01,4.789626150138282412e+00
-2.933167073216039356e+01,-6.249630400997744362e-01,2.933758498720634478e+01,1.252415658822210176e-01,1.670581036219099813e-01,-3.394579796422978607e-02,5.262116995523022922e+00,2.526922535811551018e-01,0.000000000000000000e+00,7.561251934591317614e-01,4.789626150138282412e+00
-2.933153985276886999e+01,-6.305757791863330075e-01,2.933754822693197895e+01,1.308492485204071909e-01,1.673273870794817764e-01,-3.504411798935563177e-02,5.262112201845439152e+00,2.526859943319555990e-01,0.000000000000000000e+00,7.561251934591317614e-01,4.789626150138282412e+00
-2.933140971561574162e+01,-6.361075589938888220e-01,2.933751085148113802e+01,1.363760643005197393e-01,1.675927809872504171e-01,-3.612660026072968267e-02,5.262107271868901037e+00,2.526798154690791942e-01,0.000000000000000000e+00,7.561251934591317614e-01,4.789626150138282412e+00
-2.933127844181175803e+01,-6.416393121260335342e-01,2.933747233910906260e+01,1.419028727734445439e-01,1.678581683030903327e-01,-3.720908192438324158e-02,5.262102137962907378e+00,2.526736268094159632e-01,0.000000000000000000e+00,7.561251934591317614e-01,4.789626150138282412e+00
-2.933114408570575549e+01,-6.472519696184356741e-01,2.933743210129317447e+01,1.475105330597510367e-01,1.681274315976406808e-01,-3.830740009043251404e-02,5.262096720519020998e+00,2.526673375944358813e-01,0.000000000000000000e+00,7.561251934591317614e-01,4.789626150138282412e+00
-2.933101052198719216e+01,-6.527836683040023624e-01,2.933739129844997606e+01,1.530373261065393620e-01,1.683928055993350048e-01,-3.938988042308100290e-02,5.262091175770374107e+00,2.526611291984450780e-01,0.000000000000000000e+00,7.561251934591317614e-01,4.789626150138282412e+00
-2.933087384247566831e+01,-6.583962700759593556e-01,2.933734873665587628e+01,1.586449702641518078e-01,1.686620553620507279e-01,-4.048819716653005024e-02,5.262085341472928057e+00,2.526548199587775323e-01,0.000000000000000000e+00,7.561251934591317614e-01,4.789626150138282412e+00
-2.933073798886524486e+01,-6.639279133739905969e-01,2.933730564334848978e+01,1.641717469446807853e-01,1.689274160044586248e-01,-4.157067602598141232e-02,5.262079385881427207e+00,2.526485918272300402e-01,0.000000000000000000e+00,7.561251934591317614e-01,4.789626150138282412e+00
-2.933060099863214987e+01,-6.694595288292899404e-01,2.933726141312847702e+01,1.696985151517365065e-01,1.691927699989374811e-01,-4.265315410125275486e-02,5.262073226360223011e+00,2.526423538998524565e-01,0.000000000000000000e+00,7.561251934591317614e-01,4.789626150138282412e+00
-2.933046084249231455e+01,-6.750720454385467084e-01,2.933721537381918765e+01,1.753061333920901133e-01,1.694619994274368380e-01,-4.375146844626992548e-02,5.262066768295720287e+00,2.526360146973287146e-01,0.000000000000000000e+00,7.561251934591317614e-01,4.789626150138282412e+00
-2.933032156240210497e+01,-6.806036040974949852e-01,2.933716885314610678e+01,1.808328838253077664e-01,1.697273399950471051e-01,-4.483394483541192077e-02,5.262060197931434757e+00,2.526297570355522937e-01,0.000000000000000000e+00,7.561251934591317614e-01,4.789626150138282412e+00
-2.933018114570669255e+01,-6.861351342144006438e-01,2.933712119556614084e+01,1.863596250863515658e-01,1.699926738811828320e-01,-4.591642033467599471e-02,5.262053423637357952e+00,2.526234895785215984e-01,0.000000000000000000e+00,7.561251934591317614e-01,4.789626150138282412e+00
-2.933003751299195372e+01,-6.917475635219502150e-01,2.933707167875919808e+01,1.919672152723063130e-01,1.702618828728587330e-01,-4.701473195795934784e-02,5.262046341805514338e+00,2.526171204149028071e-01,0.000000000000000000e+00,7.561251934591317614e-01,4.789626150138282412e+00
-2.932989480647503910e+01,-6.972790354336386720e-01,2.933702173073815800e+01,1.974939373518683206e-01,1.705272032645453184e-01,-4.809720555814651910e-02,5.262039156668214090e+00,2.526108332246354560e-01,0.000000000000000000e+00,7.561251934591317614e-01,4.789626150138282412e+00
-2.932975096337082377e+01,-7.028104781039847815e-01,2.933697064581640390e+01,2.030206495605595962e-01,1.707925169412143618e-01,-4.917967816275722187e-02,5.262031767601070165e+00,2.526045362396915350e-01,0.000000000000000000e+00,7.561251934591317614e-01,4.789626150138282412e+00
-2.932960385413592519e+01,-7.084228179708772499e-01,2.933691765153067976e+01,2.086282095550097138e-01,1.710617053934687382e-01,-5.027798674100751597e-02,5.262024062001737335e+00,2.525981371167450584e-01,0.000000000000000000e+00,7.561251934591317614e-01,4.789626150138282412e+00
-2.932945772124670114e+01,-7.139542010271624495e-01,2.933686427618072301e+01,2.141549011745826347e-01,1.713270055081133059e-01,-5.136045723359250470e-02,5.262016262091313124e+00,2.525918203997306044e-01,0.000000000000000000e+00,7.561251934591317614e-01,4.789626150138282412e+00
-2.932931045178849772e+01,-7.194855541428641921e-01,2.933680976393664963e+01,2.196815822246395156e-01,1.715922988742021038e-01,-5.244292662491122775e-02,5.262008258251037240e+00,2.525854938886194501e-01,0.000000000000000000e+00,7.561251934591317614e-01,4.789626150138282412e+00
-2.932915986608950476e+01,-7.250978024301840685e-01,2.933675329219234129e+01,2.252891098904910572e-01,1.718614666844447414e-01,-5.354123183482735471e-02,5.261999928884193878e+00,2.525790648081189804e-01,0.000000000000000000e+00,7.561251934591317614e-01,4.789626150138282412e+00
-2.932901030688365651e+01,-7.306290945230037304e-01,2.933669648953380005e+01,2.308157689438008475e-01,1.721267464209388087e-01,-5.462369890117019927e-02,5.261991514200667019e+00,2.525727185661075791e-01,0.000000000000000000e+00,7.561251934591317614e-01,4.789626150138282412e+00
-2.932885739794992119e+01,-7.362412804168114722e-01,2.933663769387015563e+01,2.364232738136450296e-01,1.723959003792626954e-01,-5.572200167985679603e-02,5.261982767979791475e+00,2.525662694664334018e-01,0.000000000000000000e+00,7.561251934591317614e-01,4.789626150138282412e+00
-2.932870554902190463e+01,-7.417725105447572354e-01,2.933657860080682056e+01,2.419499099290048916e-01,1.726611664409843649e-01,-5.680446627881173549e-02,5.261973942453076702e+00,2.525599034943066812e-01,0.000000000000000000e+00,7.561251934591317614e-01,4.789626150138282412e+00
-2.932855256355643547e+01,-7.473037095660605145e-01,2.933651837086134506e+01,2.474765343097662385e-01,1.729264256982263048e-01,-5.788692960026599332e-02,5.261964912996594634e+00,2.525535277290546499e-01,0.000000000000000000e+00,7.561251934591317614e-01,4.789626150138282412e+00
-2.932839617825509038e+01,-7.529158003119901243e-01,2.933645609777576624e+01,2.530840032856951916e-01,1.731955588434031801e-01,-5.898522847124326729e-02,5.261955543008460801e+00,2.525470486747993237e-01,0.000000000000000000e+00,7.561251934591317614e-01,4.789626150138282412e+00
-2.932824090310626275e+01,-7.584469359596613947e-01,2.933639357744068832e+01,2.586106033209162325e-01,1.734608043583122372e-01,-6.006768911236205072e-02,5.261946102708965789e+00,2.525406531806091426e-01,0.000000000000000000e+00,7.561251934591317614e-01,4.789626150138282412e+00
-2.932808449143947627e+01,-7.639780398014323071e-01,2.933632992023123265e+01,2.641371909228568682e-01,1.737260430352080554e-01,-6.115014837027932249e-02,5.261936458479804735e+00,2.525342478938787383e-01,0.000000000000000000e+00,7.561251934591317614e-01,4.789626150138282412e+00
-2.932792462983012172e+01,-7.695900332606150362e-01,2.933626416974745510e+01,2.697446218677631569e-01,1.739951552646664124e-01,-6.224844301023153142e-02,5.261926464724735908e+00,2.525277388868324979e-01,0.000000000000000000e+00,7.561251934591317614e-01,4.789626150138282412e+00
-2.932776592851967123e+01,-7.751210723200443464e-01,2.933619822216446238e+01,2.752711837166063602e-01,1.742603801316754408e-01,-6.333089937486920118e-02,5.261916409652818594e+00,2.525213138723451656e-01,0.000000000000000000e+00,7.561251934591317614e-01,4.789626150138282412e+00
-2.932760609071117841e+01,-7.806520788743034345e-01,2.933613113771529157e+01,2.807977324334678393e-01,1.745255981271390811e-01,-6.441335425059910302e-02,5.261906150651387115e+00,2.525148790659051401e-01,0.000000000000000000e+00,7.561251934591317614e-01,4.789626150138282412e+00
-2.932744275285473279e+01,-7.862639729079557993e-01,2.933606190985836193e+01,2.864051232103070888e-01,1.747946893383176825e-01,-6.551164433621808891e-02,5.261895533129833602e+00,2.525083401078643819e-01,0.000000000000000000e+00,7.561251934591317614e-01,4.789626150138282412e+00
-2.932728062544314085e+01,-7.917949132711880056e-01,2.933599253505259696e+01,2.919316447665236680e-01,1.750598934563457887e-01,-6.659409610572303295e-02,5.261884863285984260e+00,2.525018855748526470e-01,0.000000000000000000e+00,7.561251934591317614e-01,4.789626150138282412e+00
-2.932711736155386717e+01,-7.973258204297051233e-01,2.933592202338927635e+01,2.974581524917749853e-01,1.753250906692851996e-01,-6.767654628055712329e-02,5.261873989512812599e+00,2.524954212504779694e-01,0.000000000000000000e+00,7.561251934591317614e-01,4.789626150138282412e+00
-2.932695054751257402e+01,-8.029376128993451767e-01,2.933584931818558061e+01,3.030655009637812647e-01,1.755941607596435694e-01,-6.877483148858429263e-02,5.261862748225358821e+00,2.524888523432451959e-01,0.000000000000000000e+00,7.561251934591317614e-01,4.789626150138282412e+00
-2.932678499406163297e+01,-8.084684524583912735e-01,2.933577651618347915e+01,3.085919801210663116e-01,1.758593440276143838e-01,-6.985727834428898109e-02,5.261851463610194735e+00,2.524823682934878577e-01,0.000000000000000000e+00,7.561251934591317614e-01,4.789626150138282412e+00
-2.932661585697568185e+01,-8.140801758617065564e-01,2.933570148713862480e+01,3.141992991296774229e-01,1.761283999460722671e-01,-7.095556011237755256e-02,5.261839805470122755e+00,2.524757793726864485e-01,0.000000000000000000e+00,7.561251934591317614e-01,4.789626150138282412e+00
-2.932644801399124290e+01,-8.196109468801825448e-01,2.933562639481013434e+01,3.197257487786392405e-01,1.763935692239522457e-01,-7.203800350669641028e-02,5.261828110013299309e+00,2.524692755983434789e-01,0.000000000000000000e+00,7.561251934591317614e-01,4.789626150138282412e+00
-2.932627903456404539e+01,-8.251416835272118444e-01,2.933555016563945017e+01,3.252521834308238491e-01,1.766587315408030823e-01,-7.312044512995483081e-02,5.261816210627566548e+00,2.524627620336255540e-01,0.000000000000000000e+00,7.561251934591317614e-01,4.789626150138282412e+00
-2.932610642140005197e+01,-8.307533017982373647e-01,2.933547165929478950e+01,3.308594565691377332e-01,1.769277661673550051e-01,-7.421872148100989997e-02,5.261803928722855517e+00,2.524561431666538236e-01,0.000000000000000000e+00,7.561251934591317614e-01,4.789626150138282412e+00
-2.932593515248224492e+01,-8.362839684960559072e-01,2.933539313981697561e+01,3.363858603054566965e-01,1.771929144265793066e-01,-7.530115942992916811e-02,5.261791618496030054e+00,2.524496098785463660e-01,0.000000000000000000e+00,7.561251934591317614e-01,4.789626150138282412e+00
-2.932576274714318743e+01,-8.418146001232289510e-01,2.933531348350674861e+01,3.419122483463410411e-01,1.774580556912531693e-01,-7.638359550208413673e-02,5.261779104340599922e+00,2.524430668006589218e-01,0.000000000000000000e+00,7.561251934591317614e-01,4.789626150138282412e+00
-2.932558665796694797e+01,-8.474261111233000188e-01,2.933523149989221324e+01,3.475194734773487393e-01,1.777270689233663714e-01,-7.748186611278577718e-02,5.261766198672178874e+00,2.524364179893361926e-01,0.000000000000000000e+00,7.561251934591317614e-01,4.789626150138282412e+00
-2.932541196318105037e+01,-8.529566713926483024e-01,2.933514955329500751e+01,3.530458291948366245e-01,1.779921960628834121e-01,-7.856429829764691175e-02,5.261753273676309739e+00,2.524298551892595888e-01,0.000000000000000000e+00,7.561251934591317614e-01,4.789626150138282412e+00
-2.932523613199584389e+01,-8.584871958921894697e-01,2.933506646987560273e+01,3.585721685182622354e-01,1.782573161743325196e-01,-7.964672850004404780e-02,5.261740144752183213e+00,2.524232825999999097e-01,0.000000000000000000e+00,7.561251934591317614e-01,4.789626150138282412e+00
-2.932505656687446205e+01,-8.640985974826342897e-01,2.933498100902243522e+01,3.641793435049254790e-01,1.785263079094800420e-01,-8.074499304706099501e-02,5.261726615321107303e+00,2.524166038461518324e-01,0.000000000000000000e+00,7.561251934591317614e-01,4.789626150138282412e+00
-2.932487844628704465e+01,-8.696290492157878749e-01,2.933489563533705535e+01,3.697056490974603982e-01,1.787914138282484244e-01,-8.182741914921300153e-02,5.261713075557281627e+00,2.524100115359074192e-01,0.000000000000000000e+00,7.561251934591317614e-01,4.789626150138282412e+00
-2.932469918932270403e+01,-8.751594644798905698e-01,2.933480912484014169e+01,3.752319375972159032e-01,1.790565126854295752e-01,-8.290984316318196490e-02,5.261699331865584028e+00,2.524034094370786740e-01,0.000000000000000000e+00,7.561251934591317614e-01,4.789626150138282412e+00
-2.932451614832460862e+01,-8.807707545221995504e-01,2.933472018678090620e+01,3.808390603026359233e-01,1.793254828210984475e-01,-8.400810132320463142e-02,5.261685178673043417e+00,2.523967007425372278e-01,0.000000000000000000e+00,7.561251934591317614e-01,4.789626150138282412e+00
-2.932433460200357445e+01,-8.863010956113314132e-01,2.933463138603990927e+01,3.863653136639706998e-01,1.795905674180782174e-01,-8.509052102396652550e-02,5.261671024142471786e+00,2.523900789239324483e-01,0.000000000000000000e+00,7.561251934591317614e-01,4.789626150138282412e+00
-2.932414923817018249e+01,-8.919123099156043288e-01,2.933454012423699453e+01,3.919724002393799034e-01,1.798595230620078644e-01,-8.618877473541686207e-02,5.261656454100614333e+00,2.523833502215174218e-01,0.000000000000000000e+00,7.561251934591317614e-01,4.789626150138282412e+00
-2.932396540252336692e+01,-8.974425758879116533e-01,2.933444903326704178e+01,3.974986175211366324e-01,1.801245933536405608e-01,-8.727118998054711474e-02,5.261641888731771743e+00,2.523767086839474594e-01,0.000000000000000000e+00,7.561251934591317614e-01,4.789626150138282412e+00
-2.932378043053788730e+01,-9.029728042253812870e-01,2.933435680550425673e+01,4.030248165451890685e-01,1.803896565278065300e-01,-8.835360296126436308e-02,5.261627119435796196e+00,2.523700573587959184e-01,0.000000000000000000e+00,7.561251934591317614e-01,4.789626150138282412e+00
-2.932359159094490408e+01,-9.085839034138499803e-01,2.933426206655256863e+01,4.086318472743236119e-01,1.806585904012492916e-01,-8.945184974632020003e-02,5.261611925634743336e+00,2.523632987187573451e-01,0.000000000000000000e+00,7.561251934591317614e-01,4.789626150138282412e+00
-2.932340432968061350e+01,-9.141140552259835461e-01,2.933416754858416908e+01,4.141580088113149816e-01,1.809236392025577456e-01,-9.053425805844649010e-02,5.261596745501463168e+00,2.523566276758560378e-01,0.000000000000000000e+00,7.561251934591317614e-01,4.789626150138282412e+00
-2.932321593210119559e+01,-9.196441687041448931e-01,2.933407189383475355e+01,4.196841513919742361e-01,1.811886808528908044e-01,-9.161666400045304082e-02,5.261581361441549198e+00,2.523499468459776685e-01,0.000000000000000000e+00,7.561251934591317614e-01,4.789626150138282412e+00
-2.932302361682058844e+01,-9.252551506383426272e-01,2.933397367777039122e+01,4.252911241379181417e-01,1.814575928533522786e-01,-9.271490353578561161e-02,5.261565543882833040e+00,2.523431582701639586e-01,0.000000000000000000e+00,7.561251934591317614e-01,4.789626150138282412e+00
-2.932283293001020041e+01,-9.307851861826854645e-01,2.933387573283958361e+01,4.308172278240476882e-01,1.817226200633228206e-01,-9.379730459624073535e-02,5.261549748986671382e+00,2.523364577237552919e-01,0.000000000000000000e+00,7.561251934591317614e-01,4.789626150138282412e+00
-2.932264110690864101e+01,-9.363151826936489952e-01,2.933377665113998489e+01,4.363433118549381318e-01,1.819876400887980861e-01,-9.487970318081254129e-02,5.261533750164417711e+00,2.523297473909762445e-01,0.000000000000000000e+00,7.561251934591317614e-01,4.789626150138282412e+00
-2.932244531601370241e+01,-9.419260452353933610e-01,2.933367495800038327e+01,4.419502244810365466e-01,1.822565301138037441e-01,-9.597793514313823771e-02,5.261517308849700925e+00,2.523229288812418591e-01,0.000000000000000000e+00,7.561251934591317614e-01,4.789626150138282412e+00
-2.932225120372988059e+01,-9.474559624043733530e-01,2.933357358614448529e+01,4.474762682102310096e-01,1.825215356314308368e-01,-9.706032863325322890e-02,5.261500899192333769e+00,2.523161988331558137e-01,0.000000000000000000e+00,7.561251934591317614e-01,4.789626150138282412e+00
-2.932205309017770034e+01,-9.530667439655137185e-01,2.933346956935134031e+01,4.530831394675242652e-01,1.827904109134343147e-01,-9.815855535432611856e-02,5.261484041032215231e+00,2.523093603200873281e-01,0.000000000000000000e+00,7.561251934591317614e-01,4.789626150138282412e+00
-2.932185668874463857e+01,-9.585965808514960163e-01,2.933336590735638083e+01,4.586091419546677872e-01,1.830554018781177517e-01,-9.924094360770686907e-02,5.261467220540541057e+00,2.523026105575141842e-01,0.000000000000000000e+00,7.561251934591317614e-01,4.789626150138282412e+00
-2.932165915106136467e+01,-9.641263775376097689e-01,2.933326110861403180e+01,4.641351236208998143e-01,1.833203856024052669e-01,-1.003233292088155648e-01,5.261450196123782064e+00,2.522958510095869022e-01,0.000000000000000000e+00,7.561251934591317614e-01,4.789626150138282412e+00
-2.932145756202007902e+01,-9.697370361386145055e-01,2.933315361481103878e+01,4.697419311931643748e-01,1.835892387379819135e-01,-1.014215478174136237e-01,5.261432714210726225e+00,2.522889825657062546e-01,0.000000000000000000e+00,7.561251934591317614e-01,4.789626150138282412e+00
-2.932125773523773660e+01,-9.752667511333286132e-01,2.933304652595618123e+01,4.752678702099176755e-01,1.838542078418355930e-01,-1.025039279688243349e-01,5.261415278960936526e+00,2.522822033045222789e-01,0.000000000000000000e+00,7.561251934591317614e-01,4.789626150138282412e+00
-2.932105677223028906e+01,-9.807964252290711782e-01,2.933293830036731009e+01,4.807937877071362665e-01,1.841191696717934811e-01,-1.035863053622494284e-01,5.261397639786721037e+00,2.522754142585962311e-01,0.000000000000000000e+00,7.561251934591317614e-01,4.789626150138282412e+00
-2.932085170777672900e+01,-9.864069587316892651e-01,2.933282732959544248e+01,4.864005294575888261e-01,1.843880005584819792e-01,-1.046845155350463602e-01,5.261379534122735180e+00,2.522685158857746468e-01,0.000000000000000000e+00,7.561251934591317614e-01,4.789626150138282412e+00
-2.932064845572125478e+01,-9.919365497276610988e-01,2.933271681392148267e+01,4.919264028979168923e-01,1.846529477005213749e-01,-1.057668872658084347e-01,5.261361484116855003e+00,2.522617071278263623e-01,0.000000000000000000e+00,7.561251934591317614e-01,4.789626150138282412e+00
-2.932044406746623366e+01,-9.974660991255734910e-01,2.933260516152735065e+01,4.974522541200948056e-01,1.849178875351679130e-01,-1.068492561328707041e-01,5.261343230187247144e+00,2.522548885857500145e-01,0.000000000000000000e+00,7.561251934591317614e-01,4.789626150138282412e+00
-2.932023552767855179e+01,-1.003076505391530260e+00,2.933249071382889994e+01,5.030589279119055401e-01,1.851866960705119969e-01,-1.079474575465244474e-01,5.261324500774469115e+00,2.522479602858651027e-01,0.000000000000000000e+00,7.561251934591317614e-01,4.789626150138282412e+00
-2.932002885042740914e+01,-1.008605970281356790e+00,2.933237677137796595e+01,5.085847336698222643e-01,1.854516211497620748e-01,-1.090298205379622160e-01,5.261305836014649628e+00,2.522411220330053605e-01,0.000000000000000000e+00,7.561251934591317614e-01,4.789626150138282412e+00
-2.931982103700270059e+01,-1.014135392874052188e+00,2.933226169222110968e+01,5.141105165109821629e-01,1.857165388881250878e-01,-1.101121805599852149e-01,5.261286967331840536e+00,2.522342739966331737e-01,0.000000000000000000e+00,7.561251934591317614e-01,4.789626150138282412e+00
-2.931960902196037821e+01,-1.019745669765168339e+00,2.933214376763969966e+01,5.197171202073944674e-01,1.859853249696792887e-01,-1.112103728911612022e-01,5.261267614172537854e+00,2.522273157715687608e-01,0.000000000000000000e+00,7.561251934591317614e-01,4.789626150138282412e+00
-2.931939891959233080e+01,-1.025275006441471071e+00,2.933202639845520920e+01,5.252428561769157955e-01,1.862502278851723703e-01,-1.122927268245923621e-01,5.261248334661053683e+00,2.522204480256560744e-01,0.000000000000000000e+00,7.561251934591317614e-01,4.789626150138282412e+00
-2.931918458213657885e+01,-1.030885195681457978e+00,2.933190615035219295e+01,5.308494118385058691e-01,1.865189989041035612e-01,-1.133909129058378873e-01,5.261228564663018581e+00,2.522134698031148758e-01,0.000000000000000000e+00,7.561251934591317614e-01,4.789626150138282412e+00
-2.931897219086097905e+01,-1.036414445499733050e+00,2.933178649116006653e+01,5.363750999953664778e-01,1.867838869516142697e-01,-1.144732606082551618e-01,5.261208874323934914e+00,2.522065823484951341e-01,0.000000000000000000e+00,7.561251934591317614e-01,4.789626150138282412e+00
-2.931875866345610504e+01,-1.041943651855253616e+00,2.933166569528675893e+01,5.419007640706062778e-01,1.870487676023945001e-01,-1.155556051650098170e-01,5.261188980063189469e+00,2.521996851113942895e-01,0.000000000000000000e+00,7.561251934591317614e-01,4.789626150138282412e+00
-2.931854085088124151e+01,-1.047553708153356355e+00,2.933154197037648814e+01,5.475072460720771250e-01,1.873175159966436187e-01,-1.166537816243468223e-01,5.261168586322703788e+00,2.521926769668303425e-01,0.000000000000000000e+00,7.561251934591317614e-01,4.789626150138282412e+00
-2.931832503462305439e+01,-1.053082826242573322e+00,2.933141888452615831e+01,5.530328609272852081e-01,1.875823817119763315e-01,-1.177361197371134677e-01,5.261148281236037505e+00,2.521857600222721651e-01,0.000000000000000000e+00,7.561251934591317614e-01,4.789626150138282412e+00
-2.931810808226273579e+01,-1.058611900170055575e+00,2.933129466201007318e+01,5.585584510023371418e-01,1.878472399970941009e-01,-1.188184545985104812e-01,5.261127772228567423e+00,2.521788332958543877e-01,0.000000000000000000e+00,7.561251934591317614e-01,4.789626150138282412e+00
-2.931788679465177694e+01,-1.064221821388204425e+00,2.933116746033970657e+01,5.641648572069813961e-01,1.881159656642374389e-01,-1.199166211125947262e-01,5.261106754748241521e+00,2.521717952311680611e-01,0.000000000000000000e+00,7.561251934591317614e-01,4.789626150138282412e+00
-2.931766755349325848e+01,-1.069750805641116687e+00,2.933104094787809046e+01,5.696903966546251752e-01,1.883808089464470703e-01,-1.209989493170236241e-01,5.261085834916612747e+00,2.521648487985467257e-01,0.000000000000000000e+00,7.561251934591317614e-01,4.789626150138282412e+00
-2.931744717626017049e+01,-1.075279745033330903e+00,2.933091329876656062e+01,5.752159106235875674e-01,1.886456447649600687e-01,-1.220812741643753641e-01,5.261064711165078123e+00,2.521578925846890695e-01,0.000000000000000000e+00,7.561251934591317614e-01,4.789626150138282412e+00
-2.931722241369745419e+01,-1.080889529033507879e+00,2.933078262038457495e+01,5.808222388947268389e-01,1.889143476025826052e-01,-1.231794304098609016e-01,5.261043069947654693e+00,2.521508246017871158e-01,0.000000000000000000e+00,7.561251934591317614e-01,4.789626150138282412e+00
-2.931699974772215000e+01,-1.086418377342991626e+00,2.933065268135988291e+01,5.863477008289952330e-01,1.891791683507360045e-01,-1.242617483872773126e-01,5.261021535373808788e+00,2.521438486829837844e-01,0.000000000000000000e+00,7.561251934591317614e-01,4.789626150138282412e+00
-2.931677266295111650e+01,-1.092028068450742184e+00,2.933051967957350925e+01,5.919539758273270058e-01,1.894478558746600372e-01,-1.253598975901705215e-01,5.260999477324219242e+00,2.521367607072715900e-01,0.000000000000000000e+00,7.561251934591317614e-01,4.789626150138282412e+00
-2.931654770827147161e+01,-1.097556824736999115e+00,2.933038745065776354e+01,5.974793847869810381e-01,1.897126615074059552e-01,-1.264422085554332831e-01,5.260977531929347251e+00,2.521297650843649096e-01,0.000000000000000000e+00,7.561251934591317614e-01,4.789626150138282412e+00
-2.931632161756424892e+01,-1.103085534995886796e+00,2.933025408511952037e+01,6.030047671019973521e-01,1.899774596205740518e-01,-1.275245159871419565e-01,5.260955382616160136e+00,2.521227596812671279e-01,0.000000000000000000e+00,7.561251934591317614e-01,4.789626150138282412e+00
-2.931609105798510484e+01,-1.108695085318960549e+00,2.933011760670535395e+01,6.086109606023037966e-01,1.902461241441392725e-01,-1.286226543819991852e-01,5.260932700834335840e+00,2.521156417905340841e-01,0.000000000000000000e+00,7.561251934591317614e-01,4.789626150138282412e+00
-2.931586267863097106e+01,-1.114223702146543316e+00,2.932998195130987185e+01,6.141362885354777479e-01,1.905109070744591127e-01,-1.297049545885897437e-01,5.260910140702113047e+00,2.521086166845976639e-01,0.000000000000000000e+00,7.561251934591317614e-01,4.789626150138282412e+00
-2.931563316327799384e+01,-1.119752272247815483e+00,2.932984515930890979e+01,6.196615891254908526e-01,1.907756824517259919e-01,-1.307872511559123319e-01,5.260887376652584990e+00,2.521015817990988617e-01,0.000000000000000000e+00,7.561251934591317614e-01,4.789626150138282412e+00
-2.931539912897860489e+01,-1.125361679648312130e+00,2.932970520431896233e+01,6.252676989911506444e-01,1.910443238725395010e-01,-1.318853784193780854e-01,5.260864071141615916e+00,2.520944339952684299e-01,0.000000000000000000e+00,7.561251934591317614e-01,4.789626150138282412e+00
-2.931516732503703082e+01,-1.130890154910188850e+00,2.932956612249545358e+01,6.307929437920659632e-01,1.913090839995209291e-01,-1.329676675486075044e-01,5.260840896275127854e+00,2.520873794081998076e-01,0.000000000000000000e+00,7.561251934591317614e-01,4.789626150138282412e+00
-2.931493438512577399e+01,-1.136418582746759887e+00,2.932942590408389805e+01,6.363181605512362449e-01,1.915738365399736187e-01,-1.340499529328403328e-01,5.260817517492387907e+00,2.520803150421997985e-01,0.000000000000000000e+00,7.561251934591317614e-01,4.789626150138282412e+00
-2.931469687619533104e+01,-1.142027845086905247e+00,2.932928247257151000e+01,6.419241846457321987e-01,1.918424547556548121e-01,-1.351480687415713422e-01,5.260793588255492814e+00,2.520731373272015463e-01,0.000000000000000000e+00,7.561251934591317614e-01,4.789626150138282412e+00
-2.931446164775465846e+01,-1.147556176676026718e+00,2.932913996437297399e+01,6.474493442085711425e-01,1.921071919783906568e-01,-1.362303464747348647e-01,5.260769798657954688e+00,2.520660532609046989e-01,0.000000000000000000e+00,7.561251934591317614e-01,4.789626150138282412e+00
-2.931422528337388655e+01,-1.153084460141056367e+00,2.932899631960426490e+01,6.529744750312820312e-01,1.923719215811340311e-01,-1.373126203572101189e-01,5.260745805145257137e+00,2.520589594163091807e-01,0.000000000000000000e+00,7.561251934591317614e-01,4.789626150138282412e+00
-2.931398429990291632e+01,-1.158693575283036070e+00,2.932884941162410541e+01,6.585804112180341230e-01,1.926405164893065791e-01,-1.384107243878426041e-01,5.260721252185784458e+00,2.520517517920790040e-01,0.000000000000000000e+00,7.561251934591317614e-01,4.789626150138282412e+00
-2.931374564705279084e+01,-1.164221761092526730e+00,2.932870347710485603e+01,6.641054834371296067e-01,1.929052307069040739e-01,-1.394929904062570114e-01,5.260696847860537595e+00,2.520446382484638481e-01,0.000000000000000000e+00,7.561251934591317614e-01,4.789626150138282412e+00
-2.931350234165176616e+01,-1.169830776672653672e+00,2.932855424588670701e+01,6.697113596855681639e-01,1.931738099819710619e-01,-1.405910863855250326e-01,5.260671878078938768e+00,2.520374106374431711e-01,0.000000000000000000e+00,7.561251934591317614e-01,4.789626150138282412e+00
-2.931326140037293726e+01,-1.175358863885166416e+00,2.932840602164178989e+01,6.752363723601395584e-01,1.934385087693424876e-01,-1.416733443974499129e-01,5.260647062942695129e+00,2.520302773956647480e-01,0.000000000000000000e+00,7.561251934591317614e-01,4.789626150138282412e+00
-2.931301932320431192e+01,-1.180886901808159140e+00,2.932825666085744487e+01,6.807613551298112853e-01,1.937031998809154998e-01,-1.427555983824211616e-01,5.260622043893211419e+00,2.520231343766474730e-01,0.000000000000000000e+00,7.561251934591317614e-01,4.789626150138282412e+00
-2.931277254341670968e+01,-1.186495766623890669e+00,2.932810395326566422e+01,6.863671399062847289e-01,1.939717556777067753e-01,-1.438536820441486952e-01,5.260596450394906753e+00,2.520158768596381660e-01,0.000000000000000000e+00,7.561251934591317614e-01,4.789626150138282412e+00
-2.931252817788089260e+01,-1.192023704541949947e+00,2.932795230279354470e+01,6.918920617242573234e-01,1.942364312916378677e-01,-1.449359278096510051e-01,5.260571020536813691e+00,2.520087141437414857e-01,0.000000000000000000e+00,7.561251934591317614e-01,4.789626150138282412e+00
-2.931228267648603136e+01,-1.197551592471634008e+00,2.932779951580103628e+01,6.974169529388589694e-01,1.945010991963089797e-01,-1.460181694424829701e-01,5.260545386766689369e+00,2.520015416512442763e-01,0.000000000000000000e+00,7.561251934591317614e-01,4.789626150138282412e+00
-2.931203242240590257e+01,-1.203160304385282542e+00,2.932764333189381389e+01,7.030226441068536669e-01,1.947696314124708061e-01,-1.471162404632967435e-01,5.260519169555371910e+00,2.519942542301988886e-01,0.000000000000000000e+00,7.561251934591317614e-01,4.789626150138282412e+00
-2.931178463270622814e+01,-1.208688090902140244e+00,2.932748825525229108e+01,7.085474729626288770e-01,1.950342837520912809e-01,-1.481984736636839939e-01,5.260493124979116253e+00,2.519870620421104102e-01,0.000000000000000000e+00,7.561251934591317614e-01,4.789626150138282412e+00
-2.931153570717869883e+01,-1.214215826731761316e+00,2.932733204210984468e+01,7.140722705165478690e-01,1.952989283489919292e-01,-1.492807026256789682e-01,5.260466876492077226e+00,2.519798600780616682e-01,0.000000000000000000e+00,7.561251934591317614e-01,4.789626150138282412e+00
-2.931128197890141607e+01,-1.219824383605818463e+00,2.932717238194671339e+01,7.196778659397065070e-01,1.955674368821853082e-01,-1.503787606822274414e-01,5.260440035571569695e+00,2.519725427549387997e-01,0.000000000000000000e+00,7.561251934591317614e-01,4.789626150138282412e+00
-2.931103076513232253e+01,-1.225352016614734696e+00,2.932701387919489022e+01,7.252025997276716485e-01,1.958320658466313202e-01,-1.514609809987959299e-01,5.260413376280959952e+00,2.519653210965909773e-01,0.000000000000000000e+00,7.561251934591317614e-01,4.789626150138282412e+00
-2.931077471515718003e+01,-1.230960468686714826e+00,2.932685189593807706e+01,7.308081299751425508e-01,1.961005584958217529e-01,-1.525590302112717067e-01,5.260386118547540235e+00,2.519579837914718290e-01,0.000000000000000000e+00,7.561251934591317614e-01,4.789626150138282412e+00
-2.931052121318925430e+01,-1.236487997934564653e+00,2.932669110360384224e+01,7.363327990572854365e-01,1.963651717827944454e-01,-1.536412417401746833e-01,5.260359048455113928e+00,2.519507424396900119e-01,0.000000000000000000e+00,7.561251934591317614e-01,4.789626150138282412e+00
-2.931026657544648373e+01,-1.242015475328859253e+00,2.932652917480212906e+01,7.418574356718653506e-01,1.966297772712112257e-01,-1.547234488542191810e-01,5.260331774454089171e+00,2.519434913130215725e-01,0.000000000000000000e+00,7.561251934591317614e-01,4.789626150138282412e+00
-2.931000705143625140e+01,-1.247623768795374399e+00,2.932636371539165410e+01,7.474628666104967678e-01,1.968982460667211831e-01,-1.558214845629768419e-01,5.260303893018146049e+00,2.519361241091065406e-01,0.000000000000000000e+00,7.561251934591317614e-01,4.789626150138282412e+00
-2.930975012555936132e+01,-1.253151141020813819e+00,2.932619949704863060e+01,7.529874371121916266e-01,1.971628358102718026e-01,-1.569036826763768044e-01,5.260276208218009231e+00,2.519288532903030675e-01,0.000000000000000000e+00,7.561251934591317614e-01,4.789626150138282412e+00
-2.930949206393995610e+01,-1.258678460693912982e+00,2.932603414225873095e+01,7.585119744478949766e-01,1.974274177218156290e-01,-1.579858762691995488e-01,5.260248319510631987e+00,2.519215726972587333e-01,0.000000000000000000e+00,7.561251934591317614e-01,4.789626150138282412e+00
-2.930922906599353794e+01,-1.264286593417494053e+00,2.932586520675765485e+01,7.641173039413092782e-01,1.976958625613245424e-01,-1.590838981508592431e-01,5.260219814376338121e+00,2.519141755965232932e-01,0.000000000000000000e+00,7.561251934591317614e-01,4.789626150138282412e+00
-2.930896871630559630e+01,-1.269813806513965471e+00,2.932569756246841663e+01,7.696417737570662165e-01,1.979604286606142516e-01,-1.601660825300526836e-01,5.260191514872639473e+00,2.519068753126471050e-01,0.000000000000000000e+00,7.561251934591317614e-01,4.789626150138282412e+00
-2.930870723090790975e+01,-1.275340966359332251e+00,2.932552878175336275e+01,7.751662097084166536e-01,1.982249868944493953e-01,-1.612482622829494450e-01,5.260163011463108163e+00,2.518995652551779818e-01,0.000000000000000000e+00,7.561251934591317614e-01,4.789626150138282412e+00
-2.930844075912553848e+01,-1.280948936202690902e+00,2.932535637022606778e+01,7.807714356203931949e-01,1.984934076756515453e-01,-1.623462700141531934e-01,5.260133882634759672e+00,2.518921382596036040e-01,0.000000000000000000e+00,7.561251934591317614e-01,4.789626150138282412e+00
-2.930817698572577612e+01,-1.286475988063673581e+00,2.932518530005451751e+01,7.862958026447369742e-01,1.987579500298494450e-01,-1.634284403404299979e-01,5.260104968431778438e+00,2.518848085126098590e-01,0.000000000000000000e+00,7.561251934591317614e-01,4.789626150138282412e+00
-2.930790819248963430e+01,-1.292083847865268975e+00,2.932501056558974639e+01,7.919009581439862000e-01,1.990263546762326419e-01,-1.645264384348369135e-01,5.260075422800896128e+00,2.518773615398893773e-01,0.000000000000000000e+00,7.561251934591317614e-01,4.789626150138282412e+00
-2.930764213113269889e+01,-1.297610790800621805e+00,2.932483720599082133e+01,7.974252553005349853e-01,1.992908811057422236e-01,-1.656085991920594469e-01,5.260046097806439391e+00,2.518700121042475870e-01,0.000000000000000000e+00,7.561251934591317614e-01,4.789626150138282412e+00
-2.930737493412162920e+01,-1.303137679319752662e+00,2.932466271000214775e+01,8.029495174281259251e-01,1.995553996140310149e-01,-1.666907551467267101e-01,5.260016568908584489e+00,2.518626528960974387e-01,0.000000000000000000e+00,7.561251934591317614e-01,4.789626150138282412e+00
-2.930710266721969859e+01,-1.308745372675555574e+00,2.932448449962151571e+01,8.085545657820997212e-01,1.998237800314479062e-01,-1.677887385512000507e-01,5.259986399591106476e+00,2.518551760318578081e-01,0.000000000000000000e+00,7.561251934591317614e-01,4.789626150138282412e+00
-2.930683318231937662e+01,-1.314272150861369282e+00,2.932430771424977323e+01,8.140787566348794968e-01,2.000882825476754112e-01,-1.688708847238203914e-01,5.259956459904789661e+00,2.518477971363737300e-01,0.000000000000000000e+00,7.561251934591317614e-01,4.789626150138282412e+00
-2.930656256179884167e+01,-1.319798873932227501e+00,2.932412979251048313e+01,8.196029117602973146e-01,2.003527771092412091e-01,-1.699530259881601446e-01,5.259926316316595241e+00,2.518404084690345490e-01,0.000000000000000000e+00,7.561251934591317614e-01,4.789626150138282412e+00
-2.930628682133488994e+01,-1.325406398705068822e+00,2.932394810628191095e+01,8.252078508328346551e-01,2.006211331954083077e-01,-1.710509943793277754e-01,5.259895523317169364e+00,2.518329017152741156e-01,0.000000000000000000e+00,7.561251934591317614e-01,4.789626150138282412e+00
-2.930601391299387615e+01,-1.330933010034965003e+00,2.932376789520471760e+01,8.307319332764533382e-01,2.008856116975459294e-01,-1.721331256486267336e-01,5.259864968943615438e+00,2.518254933619192837e-01,0.000000000000000000e+00,7.561251934591317614e-01,4.789626150138282412e+00
-2.930573986906701123e+01,-1.336459565551216588e+00,2.932358654778261808e+01,8.362559792943429215e-01,2.011500822115850351e-01,-1.732152519039237004e-01,5.259834210669743548e+00,2.518180752373646025e-01,0.000000000000000000e+00,7.561251934591317614e-01,4.789626150138282412e+00
-2.930546065514612408e+01,-1.342066919604016251e+00,2.932340138577535171e+01,8.418608069493491719e-01,2.014184138642293453e-01,-1.743132049584163457e-01,5.259802793993142878e+00,2.518105385960878184e-01,0.000000000000000000e+00,7.561251934591317614e-01,4.789626150138282412e+00
-2.930518432346843483e+01,-1.347593361971775039e+00,2.932321774906139566e+01,8.473847788785502377e-01,2.016828682514829607e-01,-1.753953210056917178e-01,5.259771624937098267e+00,2.518031007868397064e-01,0.000000000000000000e+00,7.561251934591317614e-01,4.789626150138282412e+00
-2.930490278834975726e+01,-1.353200600743952986e+00,2.932303026428476045e+01,8.529895308844139823e-01,2.019511835185876514e-01,-1.764932636306994762e-01,5.259739791469507431e+00,2.517955441733227828e-01,0.000000000000000000e+00,7.561251934591317614e-01,4.789626150138282412e+00
-2.930462416896827094e+01,-1.358726929022868513e+00,2.932284433831020110e+01,8.585134277849963969e-01,2.022156217340575768e-01,-1.775753693276711231e-01,5.259708211633467023e+00,2.517880866802669204e-01,0.000000000000000000e+00,7.561251934591317614e-01,4.789626150138282412e+00
-2.930434441405921575e+01,-1.364253200322239401e+00,2.932265727602946370e+01,8.640372870944715844e-01,2.024800519056376702e-01,-1.786574698342003054e-01,5.259676427899810491e+00,2.517806194171095524e-01,0.000000000000000000e+00,7.561251934591317614e-01,4.789626150138282412e+00
-2.930405940566188505e+01,-1.369860264808958616e+00,2.932246631559261374e+01,8.696419241189807803e-01,2.027483425686052998e-01,-1.797553965829978839e-01,5.259643970763296927e+00,2.517730329194344252e-01,0.000000000000000000e+00,7.561251934591317614e-01,4.789626150138282412e+00
-2.930377736312012260e+01,-1.375386420612267457e+00,2.932227696409876216e+01,8.751657069932348154e-01,2.030127565010660939e-01,-1.808374865262875608e-01,5.259611776252973492e+00,2.517655459737980772e-01,0.000000000000000000e+00,7.561251934591317614e-01,4.789626150138282412e+00
-2.930349418508632198e+01,-1.380912518737160699e+00,2.932208647632253573e+01,8.806894515778131982e-01,2.032771623561970831e-01,-1.819195711733648246e-01,5.259579377846707260e+00,2.517580492587213059e-01,0.000000000000000000e+00,7.561251934591317614e-01,4.789626150138282412e+00
-2.930320570351894105e+01,-1.386519406801708154e+00,2.932189204029823060e+01,8.862939714851797435e-01,2.035454283127886010e-01,-1.830174817226161155e-01,5.259546297046391317e+00,2.517504328789089696e-01,0.000000000000000000e+00,7.561251934591317614e-01,4.789626150138282412e+00
-2.930292023792441114e+01,-1.392045388023029240e+00,2.932169926335725663e+01,8.918176382276289393e-01,2.038098178614548006e-01,-1.840995555934513694e-01,5.259513487866873227e+00,2.517429164826865406e-01,0.000000000000000000e+00,7.561251934591317614e-01,4.789626150138282412e+00
-2.930263363687379297e+01,-1.397571310867348870e+00,2.932150535015814796e+01,8.973412659821113913e-01,2.040741992993668208e-01,-1.851816240623554155e-01,5.259480474793128302e+00,2.517353903176863805e-01,0.000000000000000000e+00,7.561251934591317614e-01,4.789626150138282412e+00
-2.930234168224629698e+01,-1.403178020372910728e+00,2.932130743862048305e+01,9.029456666364245043e-01,2.043424404473448142e-01,-1.862795180886895052e-01,5.259446770334261778e+00,2.517277440577641578e-01,0.000000000000000000e+00,7.561251934591317614e-01,4.789626150138282412e+00
-2.930205279370779792e+01,-1.408703824906240465e+00,2.932111123630586391e+01,9.084692151419471173e-01,2.046068055114550477e-01,-1.873615755683570583e-01,5.259413346490766195e+00,2.517201982129558258e-01,0.000000000000000000e+00,7.561251934591317614e-01,4.789626150138282412e+00
-2.930175851815043231e+01,-1.414310413892481577e+00,2.932091100217888879e+01,9.140735349106590135e-01,2.048750300232362043e-01,-1.884594583724180372e-01,5.259379225253619339e+00,2.517125319857560495e-01,0.000000000000000000e+00,7.561251934591317614e-01,4.789626150138282412e+00
-2.930146734217325388e+01,-1.419836099173739985e+00,2.932071251078218310e+01,9.195970032265246008e-01,2.051393786685215548e-01,-1.895415047203998227e-01,5.259345390642760520e+00,2.517049664620361060e-01,0.000000000000000000e+00,7.561251934591317614e-01,4.789626150138282412e+00
-2.930117503080088071e+01,-1.425361724913118744e+00,2.932051288316869631e+01,9.251204313900208698e-01,2.054037191473226942e-01,-1.906235454901802906e-01,5.259311352140633389e+00,2.516973911706481548e-01,0.000000000000000000e+00,7.561251934591317614e-01,4.789626150138282412e+00
-2.930087728236977540e+01,-1.430968131775584684e+00,2.932030917365494105e+01,9.307246283423449285e-01,2.056719186799439436e-01,-1.917214112318205987e-01,5.259276607253982050e+00,2.516896950667347754e-01,0.000000000000000000e+00,7.561251934591317614e-01,4.789626150138282412e+00
-2.930058268363302787e+01,-1.436493636855574074e+00,2.932010725701006137e+01,9.362479749094283488e-01,2.059362426725948325e-01,-1.928034406569238135e-01,5.259242157988134991e+00,2.516821000977794709e-01,0.000000000000000000e+00,7.561251934591317614e-01,4.789626150138282412e+00
-2.930028694953818658e+01,-1.442019081695110172e+00,2.931990420417378473e+01,9.417712806258440317e-01,2.062005584653431312e-01,-1.938854643980960357e-01,5.259207504832845714e+00,2.516744953618244574e-01,0.000000000000000000e+00,7.561251934591317614e-01,4.789626150138282412e+00
-2.929998572834681170e+01,-1.447625304297146531e+00,2.931969701935087969e+01,9.473753526259680591e-01,2.064687329165910690e-01,-1.949833127539357669e-01,5.259172136302284528e+00,2.516667693832413399e-01,0.000000000000000000e+00,7.561251934591317614e-01,4.789626150138282412e+00
-2.929968770696276792e+01,-1.453150627070020962e+00,2.931949167753478136e+01,9.528985753392458236e-01,2.067330321558699113e-01,-1.960653249374380014e-01,5.259137072387005674e+00,2.516591449710673944e-01,0.000000000000000000e+00,7.561251934591317614e-01,4.789626150138282412e+00
-2.929938855025817190e+01,-1.458675888903891771e+00,2.931928519955310364e+01,9.584217565035737518e-01,2.069973231618310039e-01,-1.971473313312790687e-01,5.259101804584156881e+00,2.516515107925640371e-01,0.000000000000000000e+00,7.561251934591317614e-01,4.789626150138282412e+00
-2.929908385642133339e+01,-1.464281925108866345e+00,2.931907453950001852e+01,9.640257014156847770e-01,2.072654724294995532e-01,-1.982451619779269647e-01,5.259065812415413710e+00,2.516437549413615415e-01,0.000000000000000000e+00,7.561251934591317614e-01,4.789626150138282412e+00
-2.929878241250357362e+01,-1.469807063468825836e+00,2.931886577259095361e+01,9.695487981701577107e-01,2.075297468146772295e-01,-1.993271566010997031e-01,5.259030133856387401e+00,2.516361010879916149e-01,0.000000000000000000e+00,7.561251934591317614e-01,4.789626150138282412e+00
-2.929847539801664880e+01,-1.475412973916854220e+00,2.931865279014048653e+01,9.751526569610793338e-01,2.077978791955987781e-01,-2.004249752327600109e-01,5.258993724923244351e+00,2.516283252745298848e-01,0.000000000000000000e+00,7.561251934591317614e-01,4.789626150138282412e+00
-2.929817166693704422e+01,-1.480937987862701366e+00,2.931844173433957934e+01,9.806756683658433005e-01,2.080621369150221778e-01,-2.015069579429623614e-01,5.258957635610638448e+00,2.516206517471993864e-01,0.000000000000000000e+00,7.561251934591317614e-01,4.789626150138282412e+00
-2.929786680060045967e+01,-1.486462939703991903e+00,2.931822954241712154e+01,9.861986370565350990e-01,2.083263863453778120e-01,-2.025889346870704266e-01,5.258921342413678701e+00,2.516129684546624667e-01,0.000000000000000000e+00,7.561251934591317614e-01,4.789626150138282412e+00
-2.929755631366253610e+01,-1.492068660190694729e+00,2.931801308487115421e+01,9.918023651964973375e-01,2.085944933722367056e-01,-2.036867350700439783e-01,5.258884309852192018e+00,2.516051627720156669e-01,0.000000000000000000e+00,7.561251934591317614e-01,4.789626150138282412e+00
-2.929724916024160208e+01,-1.497593486210726299e+00,2.931779860411074878e+01,9.973252471308411415e-01,2.088587260695358161e-01,-2.047686996881861454e-01,5.258847605905607736e+00,2.515974598068774770e-01,0.000000000000000000e+00,7.561251934591317614e-01,4.789626150138282412e+00
-2.929694087160238425e+01,-1.503118249427785047e+00,2.931758298725576850e+01,1.002848085652944921e+00,2.091229504443637421e-01,-2.058506582345163427e-01,5.258810698076660017e+00,2.515897470772087696e-01,0.000000000000000000e+00,7.561251934591317614e-01,4.789626150138282412e+00
-2.929662691233179928e+01,-1.508723777816457723e+00,2.931736305469679493e+01,1.008451681006002243e+00,2.093910320149670046e-01,-2.069484400453558692e-01,5.258773041892903954e+00,2.515819115274441353e-01,0.000000000000000000e+00,7.561251934591317614e-01,4.789626150138282412e+00
-2.929631633668658708e+01,-1.514248413805374005e+00,2.931714514905861790e+01,1.013974431365367135e+00,2.096552395894528131e-01,-2.080303862527656256e-01,5.258735723318368471e+00,2.515741791265371230e-01,0.000000000000000000e+00,7.561251934591317614e-01,4.789626150138282412e+00
-2.929600462586222065e+01,-1.519772986292613925e+00,2.931692610735328586e+01,1.019497137614029159e+00,2.099194388080523610e-01,-2.091123262825844709e-01,5.258698200863498151e+00,2.515664369617777174e-01,0.000000000000000000e+00,7.561251934591317614e-01,4.789626150138282412e+00
-2.929568719437861901e+01,-1.525378320447152491e+00,2.931670269986512167e+01,1.025100598044814904e+00,2.101874948202418492e-01,-2.102100891979442054e-01,5.258659921063673082e+00,2.515585715469682015e-01,0.000000000000000000e+00,7.561251934591317614e-01,4.789626150138282412e+00
-2.929537319662750505e+01,-1.530902764299199470e+00,2.931648136943224259e+01,1.030623214724165404e+00,2.104516771712098555e-01,-2.112920166758447404e-01,5.258621987867347691e+00,2.515508097123381748e-01,0.000000000000000000e+00,7.561251934591317614e-01,4.789626150138282412e+00
-2.929505344478553752e+01,-1.536507967459260549e+00,2.931625563975055826e+01,1.036226583798063761e+00,2.107197160461624086e-01,-2.123897667833793967e-01,5.258583291318164044e+00,2.515429243403443649e-01,0.000000000000000000e+00,7.561251934591317614e-01,4.789626150138282412e+00
-2.929473716016114437e+01,-1.542032281735289390e+00,2.931603202062781577e+01,1.041749109967589071e+00,2.109838814845080845e-01,-2.134716815669117085e-01,5.258544947383187562e+00,2.515351428367604836e-01,0.000000000000000000e+00,7.561251934591317614e-01,4.789626150138282412e+00
-2.929441974042380181e+01,-1.547556531345025910e+00,2.931580726548457960e+01,1.047271590862180357e+00,2.112480385112747716e-01,-2.145535899965713422e-01,5.258506399571349021e+00,2.515273515704586349e-01,0.000000000000000000e+00,7.561251934591317614e-01,4.789626150138282412e+00
-2.929409651657137559e+01,-1.553161536707089008e+00,2.931557806101648467e+01,1.052874821451122100e+00,2.115160516573873495e-01,-2.156513206691117179e-01,5.258467079416732304e+00,2.515194363368926100e-01,0.000000000000000000e+00,7.561251934591317614e-01,4.789626150138282412e+00
-2.929377681004146083e+01,-1.558685655333790887e+00,2.931535101724049497e+01,1.058397210429324442e+00,2.117801917042507198e-01,-2.167332161913939625e-01,5.258428120870513922e+00,2.515116254030114185e-01,0.000000000000000000e+00,7.561251934591317614e-01,4.789626150138282412e+00
-2.929345596843885247e+01,-1.564209708595801995e+00,2.931512283747255054e+01,1.063919553434416132e+00,2.120443233061398702e-01,-2.178151052540699129e-01,5.258388958449573103e+00,2.515038047070957128e-01,0.000000000000000000e+00,7.561251934591317614e-01,4.789626150138282412e+00
-2.929312927269916145e+01,-1.569814514023770924e+00,2.931489015830540623e+01,1.069522643402980533e+00,2.123123106212713718e-01,-2.189128161682280804e-01,5.258349014696070078e+00,2.514958596140470792e-01,0.000000000000000000e+00,7.561251934591317614e-01,4.789626150138282412e+00
-2.929280614438555119e+01,-1.575338434895828810e+00,2.931465968996267790e+01,1.075044893085202791e+00,2.125764251759849621e-01,-2.199946921105260800e-01,5.258309441545106822e+00,2.514880192519304836e-01,0.000000000000000000e+00,7.561251934591317614e-01,4.789626150138282412e+00
-2.929248188103996853e+01,-1.580862289704845658e+00,2.931442808565700631e+01,1.080567096096177293e+00,2.128405312523336534e-01,-2.210765614874879992e-01,5.258269664521604270e+00,2.514801691284646590e-01,0.000000000000000000e+00,7.561251934591317614e-01,4.789626150138282412e+00
-2.929215171353751401e+01,-1.586466893062652428e+00,2.931419193187947769e+01,1.086170043308950506e+00,2.131084926343503883e-01,-2.221742523198653729e-01,5.258229097175887823e+00,2.514721941780294623e-01,0.000000000000000000e+00,7.561251934591317614e-01,4.789626150138282412e+00
-2.929182516356336663e+01,-1.591990614074800137e+00,2.931395803905785868e+01,1.091692151590562876e+00,2.133725815962554395e-01,-2.232561083634382049e-01,5.258188909426805502e+00,2.514643243897454750e-01,0.000000000000000000e+00,7.561251934591317614e-01,4.789626150138282412e+00
-2.929149267600613271e+01,-1.597595081201796496e+00,2.931371956330256268e+01,1.097295002211746695e+00,2.136405255906583811e-01,-2.243537855952413285e-01,5.258147925347944174e+00,2.514563294872566024e-01,0.000000000000000000e+00,7.561251934591317614e-01,4.789626150138282412e+00
-2.929116383945899571e+01,-1.603118667477235304e+00,2.931348338200480441e+01,1.102817014824431174e+00,2.139045973931861522e-01,-2.254356281631411107e-01,5.258107326876289456e+00,2.514484400350802118e-01,0.000000000000000000e+00,7.561251934591317614e-01,4.789626150138282412e+00
-2.929083386794876276e+01,-1.608642186524355644e+00,2.931324606479343231e+01,1.108338979600931307e+00,2.141686606616370336e-01,-2.265174639892604258e-01,5.258066524535833786e+00,2.514405408227026184e-01,0.000000000000000000e+00,7.561251934591317614e-01,4.789626150138282412e+00
-2.929049790883943061e+01,-1.614246448017768065e+00,2.931300411457864996e+01,1.113941683903942437e+00,2.144365785525581547e-01,-2.276151205997533067e-01,5.258024916876192556e+00,2.514325160663381520e-01,0.000000000000000000e+00,7.561251934591317614e-01,4.789626150138282412e+00
-2.929016565084010182e+01,-1.619769830921324649e+00,2.931276450895143526e+01,1.119463551605058393e+00,2.147006245943734459e-01,-2.286969427371819408e-01,5.257983703817751042e+00,2.514245971914578215e-01,0.000000000000000000e+00,7.561251934591317614e-01,4.789626150138282412e+00
-2.928983225791954581e+01,-1.625293145898304203e+00,2.931252376744075505e+01,1.124985370771924842e+00,2.149646620687309106e-01,-2.297787580271039298e-01,5.257942286892806294e+00,2.514166685570671245e-01,0.000000000000000000e+00,7.561251934591317614e-01,4.789626150138282412e+00
-2.928949282738614812e+01,-1.630897199622248550e+00,2.931227834285868994e+01,1.130587926621473116e+00,2.152325537540618339e-01,-2.308763936928787674e-01,5.257900055659405325e+00,2.514086139489397076e-01,0.000000000000000000e+00,7.561251934591317614e-01,4.789626150138282412e+00
-2.928915714806125692e+01,-1.636420377048909858e+00,2.931203531299333065e+01,1.136109647306584591e+00,2.154965739345342801e-01,-2.319581950811006321e-01,5.257858228021144775e+00,2.514006656534397699e-01,0.000000000000000000e+00,7.561251934591317614e-01,4.789626150138282412e+00
-2.928882033385742645e+01,-1.641943485850737794e+00,2.931179114727508761e+01,1.141631318759376956e+00,2.157605855141699613e-01,-2.330399895160843171e-01,5.257816196518716012e+00,2.513927075991223004e-01,0.000000000000000000e+00,7.561251934591317614e-01,4.789626150138282412e+00
-2.928847743202934950e+01,-1.647547329669216243e+00,2.931154224841929334e+01,1.147233724020034762e+00,2.160284508918032254e-01,-2.341376039136940923e-01,5.257773341718713134e+00,2.513846231413512378e-01,0.000000000000000000e+00,7.561251934591317614e-01,4.789626150138282412e+00
-2.928813833150681489e+01,-1.653070299514287189e+00,2.931129579440840871e+01,1.152755295585001782e+00,2.162924451103236945e-01,-2.352193842340187524e-01,5.257730899507722100e+00,2.513766454273219098e-01,0.000000000000000000e+00,7.561251934591317614e-01,4.789626150138282412e+00
-2.928779310993947504e+01,-1.658674001865842573e+00,2.931104457380252981e+01,1.158357599019384621e+00,2.165602928500326430e-01,-2.363169842381965258e-01,5.257687627991948887e+00,2.513685410226844108e-01,0.000000000000000000e+00,7.561251934591317614e-01,4.789626150138282412e+00
-2.928745172315598211e+01,-1.664196831813581801e+00,2.931079583154096824e+01,1.163879069756189821e+00,2.168242696624790300e-01,-2.373987503014069467e-01,5.257644775075622334e+00,2.513605436498803636e-01,0.000000000000000000e+00,7.561251934591317614e-01,4.789626150138282412e+00
-2.928710920156505182e+01,-1.669719591971919437e+00,2.931054595347849201e+01,1.169400490096402567e+00,2.170882378184230965e-01,-2.384805092350393840e-01,5.257601718299119931e+00,2.513525365194184680e-01,0.000000000000000000e+00,7.561251934591317614e-01,4.789626150138282412e+00
-2.928676050892176264e+01,-1.675323080855359636e+00,2.931029125875784658e+01,1.175002639380148040e+00,2.173560590801421610e-01,-2.395780874315689424e-01,5.257557823228969696e+00,2.513444022686861512e-01,0.000000000000000000e+00,7.561251934591317614e-01,4.789626150138282412e+00
-2.928641570115697590e+01,-1.680845699709752061e+00,2.931003909250820527e+01,1.180523957485928754e+00,2.176200097627804253e-01,-2.406598318950747550e-01,5.257514355752030077e+00,2.513363754808541350e-01,0.000000000000000000e+00,7.561251934591317614e-01,4.789626150138282412e+00
-2.928606975862819439e+01,-1.686368248076532961e+00,2.930978579048937149e+01,1.186045224497074502e+00,2.178839517555450911e-01,-2.417415691232649710e-01,5.257470684417371309e+00,2.513283389360627673e-01,0.000000000000000000e+00,7.561251934591317614e-01,4.789626150138282412e+00
-2.928571759504185223e+01,-1.691971521356243624e+00,2.930952762175104098e+01,1.191647217495078515e+00,2.181517464372015602e-01,-2.428391251887279667e-01,5.257426165800337614e+00,2.513201748413711467e-01,0.000000000000000000e+00,7.561251934591317614e-01,4.789626150138282412e+00
-2.928536936642717592e+01,-1.697493927012543313e+00,2.930927203160940664e+01,1.197168380865585080e+00,2.184156708894364751e-01,-2.439208477337830583e-01,5.257382083770223424e+00,2.513121186406183094e-01,0.000000000000000000e+00,7.561251934591317614e-01,4.789626150138282412e+00
-2.928501488333852976e+01,-1.703097055017511074e+00,2.930901154129407260e+01,1.202770268230404893e+00,2.186834477511722108e-01,-2.450183888291714296e-01,5.257337148450790920e+00,2.513039346028680399e-01,0.000000000000000000e+00,7.561251934591317614e-01,4.789626150138282412e+00
-2.928466436869720724e+01,-1.708619317023617912e+00,2.930875366307312291e+01,1.208291327020772243e+00,2.189473546179669938e-01,-2.461000965487841197e-01,5.257292655728596387e+00,2.512958587470972005e-01,0.000000000000000000e+00,7.561251934591317614e-01,4.789626150138282412e+00
-2.928431271936534941e+01,-1.714141507377184404e+00,2.930849464913690383e+01,1.213812333551837153e+00,2.192112527392143795e-01,-2.471817968566453472e-01,5.257247959152866024e+00,2.512877731355364075e-01,0.000000000000000000e+00,7.561251934591317614e-01,4.789626150138282412e+00
-2.928395476555829546e+01,-1.719744416215897687e+00,2.930823068496876260e+01,1.219414061069192146e+00,2.194790028506289348e-01,-2.482793152814297966e-01,5.257202400299354039e+00,2.512795592574037506e-01,0.000000000000000000e+00,7.561251934591317614e-01,4.789626150138282412e+00
-2.928360083028921323e+01,-1.725266461512754645e+00,2.930796938301905286e+01,1.224934961613905582e+00,2.197428833192199837e-01,-2.493610005508241911e-01,5.257157293036669010e+00,2.512714539922406010e-01,0.000000000000000000e+00,7.561251934591317614e-01,4.789626150138282412e+00
-2.928324576037420357e+01,-1.730788434458957914e+00,2.930770694538697185e+01,1.230455809201350448e+00,2.200067550089024326e-01,-2.504426783027326464e-01,5.257111981923015875e+00,2.512633389719913235e-01,0.000000000000000000e+00,7.561251934591317614e-01,4.789626150138282412e+00
-2.928288433598516605e+01,-1.736391121996095688e+00,2.930743950746662918e+01,1.236057374736369674e+00,2.202744782679537106e-01,-2.515401737335047905e-01,5.257065799543267026e+00,2.512550952556283357e-01,0.000000000000000000e+00,7.561251934591317614e-01,4.789626150138282412e+00
-2.928252698022321354e+01,-1.741912948479223511e+00,2.930717478188774905e+01,1.241578114931385812e+00,2.205383322377748589e-01,-2.526218362339397450e-01,5.257020077747869280e+00,2.512469605831962882e-01,0.000000000000000000e+00,7.561251934591317614e-01,4.789626150138282412e+00
-2.928216848986036780e+01,-1.747434701913587629e+00,2.930690892065981501e+01,1.247098801471163698e+00,2.208021773953284250e-01,-2.537034911111492597e-01,5.256974152104110232e+00,2.512388161563837152e-01,0.000000000000000000e+00,7.561251934591317614e-01,4.789626150138282412e+00
-2.928180359502708896e+01,-1.753037166013840853e+00,2.930663800908919470e+01,1.252700202888965997e+00,2.210698736999811009e-01,-2.548009632244844225e-01,5.256927346206103913e+00,2.512305426039493361e-01,0.000000000000000000e+00,7.561251934591317614e-01,4.789626150138282412e+00
-2.928144281890845946e+01,-1.758558771578772051e+00,2.930636985998202704e+01,1.258220780630231683e+00,2.213337010704728991e-01,-2.558826026372032492e-01,5.256881009885893796e+00,2.512223785263776876e-01,0.000000000000000000e+00,7.561251934591317614e-01,4.789626150138282412e+00
-2.928107560490896333e+01,-1.764161085169127618e+00,2.930609662708267393e+01,1.263822071180770834e+00,2.216013793050364833e-01,-2.569800589875200214e-01,5.256833787304887373e+00,2.512140850361695432e-01,0.000000000000000000e+00,7.561251934591317614e-01,4.789626150138282412e+00
-2.928071254309595162e+01,-1.769682541925098329e+00,2.930582619014191792e+01,1.269342539184171947e+00,2.218651888435750619e-01,-2.580616827934478774e-01,5.256787040311815318e+00,2.512059013087923898e-01,0.000000000000000000e+00,7.561251934591317614e-01,4.789626150138282412e+00
-2.928034834675815290e+01,-1.775203924467473326e+00,2.930555461760867786e+01,1.274862952367719071e+00,2.221289895141892456e-01,-2.591432987996971637e-01,5.256740089474827293e+00,2.511977078282170428e-01,0.000000000000000000e+00,7.561251934591317614e-01,4.789626150138282412e+00
-2.927997766254714307e+01,-1.780806011058959859e+00,2.930527791123201098e+01,1.280464075239719834e+00,2.223966406241593141e-01,-2.602407312930347105e-01,5.256692243389158747e+00,2.511893845055523378e-01,0.000000000000000000e+00,7.561251934591317614e-01,4.789626150138282412e+00
-2.927961118060757073e+01,-1.786327243386086616e+00,2.930500405093419758e+01,1.285984377279363988e+00,2.226604233956300249e-01,-2.613223314794692054e-01,5.256644881884744436e+00,2.511811713766020637e-01,0.000000000000000000e+00,7.561251934591317614e-01,4.789626150138282412e+00
-2.927924356418939311e+01,-1.791848400801631103e+00,2.930472905507837211e+01,1.291504623801287943e+00,2.229241972658285442e-01,-2.624039237604936514e-01,5.256597316539138198e+00,2.511729484951648605e-01,0.000000000000000000e+00,7.561251934591317614e-01,4.789626150138282412e+00
-2.927886940990815390e+01,-1.797450258259192246e+00,2.930444887532987153e+01,1.297105576860061227e+00,2.231918211491984716e-01,-2.635013320734282960e-01,5.256548846957126209e+00,2.511645953422187438e-01,0.000000000000000000e+00,7.561251934591317614e-01,4.789626150138282412e+00
-2.927849950798170298e+01,-1.802971264053018885e+00,2.930417159177937947e+01,1.302625710831847305e+00,2.234555770530586016e-01,-2.645829083215664457e-01,5.256500870949619930e+00,2.511563528138417434e-01,0.000000000000000000e+00,7.561251934591317614e-01,4.789626150138282412e+00
-2.927812303478612677e+01,-1.808572967194126857e+00,2.930388909089016281e+01,1.308226549217456514e+00,2.237231826844734706e-01,-2.656803002948829873e-01,5.256451984699443969e+00,2.511479797269999259e-01,0.000000000000000000e+00,7.561251934591317614e-01,4.789626150138282412e+00
-2.927775084741436373e+01,-1.814093820426522230e+00,2.930360951969219840e+01,1.313746569699538957e+00,2.239869205771020388e-01,-2.667618603677765488e-01,5.256403598033777769e+00,2.511397175526442482e-01,0.000000000000000000e+00,7.561251934591317614e-01,4.789626150138282412e+00
-2.927737752564199525e+01,-1.819614597583157467e+00,2.930332881299469250e+01,1.319266533499907412e+00,2.242506495128420707e-01,-2.678434123589076288e-01,5.256355007531550605e+00,2.511314456269921891e-01,0.000000000000000000e+00,7.561251934591317614e-01,4.789626150138282412e+00
-2.927699758261481477e+01,-1.825216068028694183e+00,2.930304283891251416e+01,1.324867198511205713e+00,2.245182277475057109e-01,-2.689407796122624261e-01,5.256305497799205639e+00,2.511230427135118792e-01,0.000000000000000000e+00,7.561251934591317614e-01,4.789626150138282412e+00
-2.927662197549207335e+01,-1.830736691217789147e+00,2.930275984463888861e+01,1.330387047415971580e+00,2.247819386048433288e-01,-2.700223152151271511e-01,5.256256496644485132e+00,2.511147511433228785e-01,0.000000000000000000e+00,7.561251934591317614e-01,4.789626150138282412e+00
-2.927624523401606638e+01,-1.836257237633236450e+00,2.930247571490135172e+01,1.335906838941236074e+00,2.250456404719547998e-01,-2.711038426305011906e-01,5.256207291656038727e+00,2.511064498225540342e-01,0.000000000000000000e+00,7.561251934591317614e-01,4.789626150138282412e+00
-2.927586182130207959e+01,-1.841858473248381367e+00,2.930218626773519475e+01,1.341507328443710012e+00,2.253131912078883414e-01,-2.722011848404662926e-01,5.256157158450189826e+00,2.510980170846270898e-01,0.000000000000000000e+00,7.561251934591317614e-01,4.789626150138282412e+00
-2.927548279457150571e+01,-1.847378864290261546e+00,2.930189985049375778e+01,1.347027003667539580e+00,2.255768749294346232e-01,-2.732826956545559849e-01,5.256107542815001921e+00,2.510896961207669809e-01,0.000000000000000000e+00,7.561251934591317614e-01,4.789626150138282412e+00
-2.927510263353544318e+01,-1.852899177860517277e+00,2.930161229782447663e+01,1.352546620813984024e+00,2.258405496274148994e-01,-2.743641981754026959e-01,5.256057723348961375e+00,2.510813654070457868e-01,0.000000000000000000e+00,7.561251934591317614e-01,4.789626150138282412e+00
-2.927471575128077674e+01,-1.858500176510586632e+00,2.930131937768465988e+01,1.358146932673234275e+00,2.261080727626522124e-01,-2.754615150185579231e-01,5.256006966678414827e+00,2.510729028468705049e-01,0.000000000000000000e+00,7.561251934591317614e-01,4.789626150138282412e+00
-2.927433330508682729e+01,-1.864020333301308119e+00,2.930102953758457218e+01,1.363666432112456528e+00,2.263717292479113519e-01,-2.765430007251014066e-01,5.255956736571471666e+00,2.510645524915078863e-01,0.000000000000000000e+00,7.561251934591317614e-01,4.789626150138282412e+00
-2.927394410427445237e+01,-1.869621172401119802e+00,2.930073429657286965e+01,1.369266624065462956e+00,2.266392338811861196e-01,-2.776403004356699511e-01,5.255905563254174240e+00,2.510560700028187653e-01,0.000000000000000000e+00,7.561251934591317614e-01,4.789626150138282412e+00
-2.927355937298768751e+01,-1.875141171472929580e+00,2.930044216909128707e+01,1.374786004858197908e+00,2.269028721088570677e-01,-2.787217691855867763e-01,5.255854922510276417e+00,2.510477000067856679e-01,0.000000000000000000e+00,7.561251934591317614e-01,4.789626150138282412e+00
-2.927317350747611968e+01,-1.880661091908660598e+00,2.930014890624301316e+01,1.380305326409231981e+00,2.271665012573448328e-01,-2.798032294658158725e-01,5.255804077940421593e+00,2.510393202620951891e-01,0.000000000000000000e+00,7.561251934591317614e-01,4.789626150138282412e+00
-2.927278083736977976e+01,-1.886261690482298858e+00,2.929985019244461952e+01,1.385905337158340966e+00,2.274339781198364552e-01,-2.809005032700063187e-01,5.255752281173390550e+00,2.510308079548387861e-01,0.000000000000000000e+00,7.561251934591317614e-01,4.789626150138282412e+00
-2.927239268686352958e+01,-1.891781451793250524e+00,2.929955464228939732e+01,1.391424538657174415e+00,2.276975889435916556e-01,-2.819819463805880444e-01,5.255701025972560281e+00,2.510224085709344966e-01,0.000000000000000000e+00,7.561251934591317614e-01,4.789626150138282412e+00
-2.927200340218139374e+01,-1.897301133770250114e+00,2.929925795680469491e+01,1.396943680216507389e+00,2.279611906548341671e-01,-2.830633809157332981e-01,5.255649566948766171e+00,2.510139994390971907e-01,0.000000000000000000e+00,7.561251934591317614e-01,4.789626150138282412e+00
-2.927160726293075399e+01,-1.902901489683273439e+00,2.929895577033347465e+01,1.402543507627501018e+00,2.282286396446047694e-01,-2.841606284901211921e-01,5.255597146741145309e+00,2.510054573154882340e-01,0.000000000000000000e+00,7.561251934591317614e-01,4.789626150138282412e+00
-2.927121569335293572e+01,-1.908421011129710854e+00,2.929865679761724095e+01,1.408062527728990876e+00,2.284922229639785307e-01,-2.852420456426020268e-01,5.255545277092442014e+00,2.509970285458978934e-01,0.000000000000000000e+00,7.561251934591317614e-01,4.789626150138282412e+00
-2.927081723581141759e+01,-1.914021203686596895e+00,2.929835229047711564e+01,1.413662231428260974e+00,2.287596532700229557e-01,-2.863392755077204810e-01,5.255492440254375452e+00,2.509884664977241608e-01,0.000000000000000000e+00,7.561251934591317614e-01,4.789626150138282412e+00
-2.927042338140461908e+01,-1.919540563662436750e+00,2.929805103058028237e+01,1.419181129131957597e+00,2.290232181526368760e-01,-2.874206751350613653e-01,5.255440159984868131e+00,2.509800180913602796e-01,0.000000000000000000e+00,7.561251934591317614e-01,4.789626150138282412e+00
-2.927002839290447866e+01,-1.925059843140818128e+00,2.929774863541699403e+01,1.424699965732753038e+00,2.292867738671751643e-01,-2.885020660106784041e-01,5.255387675897475575e+00,2.509715599382749684e-01,0.000000000000000000e+00,7.561251934591317614e-01,4.789626150138282412e+00
-2.926962646647125865e+01,-1.930659789476353749e+00,2.929744065579689760e+01,1.430299482533495592e+00,2.295541761304564776e-01,-2.895992691064100399e-01,5.255334215634366757e+00,2.509629680774576599e-01,0.000000000000000000e+00,7.561251934591317614e-01,4.789626150138282412e+00
-2.926922919324258743e+01,-1.936178906078384943e+00,2.929713597352987620e+01,1.435818195330860636e+00,2.298177133411069550e-01,-2.906806422438543147e-01,5.255281320932378541e+00,2.509544902890665230e-01,0.000000000000000000e+00,7.561251934591317614e-01,4.789626150138282412e+00
-2.926883078597067467e+01,-1.941697941484950451e+00,2.929683015603478680e+01,1.441336846327370358e+00,2.300812413503514064e-01,-2.917620065237827021e-01,5.255228222415607497e+00,2.509460027546839278e-01,0.000000000000000000e+00,7.561251934591317614e-01,4.789626150138282412e+00
-2.926842539079891026e+01,-1.947297639465230157e+00,2.929651870405208314e+01,1.446936174095843741e+00,2.303486154689737830e-01,-2.928591825267551352e-01,5.255174138736943945e+00,2.509373810834541474e-01,0.000000000000000000e+00,7.561251934591317614e-01,4.789626150138282412e+00
-2.926802469889977587e+01,-1.952816510590018595e+00,2.929621059953099405e+01,1.452454699883596767e+00,2.306121249072220769e-01,-2.939405288555285156e-01,5.255120629611872651e+00,2.509288739152371606e-01,0.000000000000000000e+00,7.561251934591317614e-01,4.789626150138282412e+00
-2.926762287300790177e+01,-1.958335299821650777e+00,2.929590135982063259e+01,1.457973163172849862e+00,2.308756251107509927e-01,-2.950218662210491449e-01,5.255066916675162680e+00,2.509203570017602414e-01,0.000000000000000000e+00,7.561251934591317614e-01,4.789626150138282412e+00
-2.926721400925212180e+01,-1.963934747312242379e+00,2.929558643559403563e+01,1.463572299774763330e+00,2.311429709827996781e-01,-2.961190148077669781e-01,5.255012209590570471e+00,2.509117055223563097e-01,0.000000000000000000e+00,7.561251934591317614e-01,4.789626150138282412e+00
-2.926680989883522344e+01,-1.969453370856517838e+00,2.929527490893629249e+01,1.469090636449765341e+00,2.314064525482209533e-01,-2.972003340091071699e-01,5.254958086051940924e+00,2.509031689765210404e-01,0.000000000000000000e+00,7.561251934591317614e-01,4.789626150138282412e+00
-2.926639871716571761e+01,-1.975052649758957335e+00,2.929495766433016968e+01,1.474689644108313713e+00,2.316737794867178846e-01,-2.982974640936337796e-01,5.254902962360332275e+00,2.508944975780306730e-01,0.000000000000000000e+00,7.561251934591317614e-01,4.789626150138282412e+00
-2.926599232229255776e+01,-1.980571106676855431e+00,2.929464385077805133e+01,1.480207853230093296e+00,2.319372423691988816e-01,-2.993787649884846469e-01,5.254848428224089041e+00,2.508859414008252631e-01,0.000000000000000000e+00,7.561251934591317614e-01,4.789626150138282412e+00
-2.926558479351191977e+01,-1.986089480537347685e+00,2.929432890210238938e+01,1.485725998689183758e+00,2.322006959613744925e-01,-3.004600567436095937e-01,5.254793690281553076e+00,2.508773754795854405e-01,0.000000000000000000e+00,7.561251934591317614e-01,4.789626150138282412e+00
-2.926517014351908585e+01,-1.991688505389989539e+00,2.929400818545333962e+01,1.491324811621247415e+00,2.324679944833235867e-01,-3.015571588722971708e-01,5.254737943200357364e+00,2.508686742766680355e-01,0.000000000000000000e+00,7.561251934591317614e-01,4.789626150138282412e+00
-2.926476033038583324e+01,-1.997206711218654007e+00,2.929369094996336997e+01,1.496842828121725200e+00,2.327314293254604260e-01,-3.026384321079103046e-01,5.254682794666731382e+00,2.508600887255408307e-01,0.000000000000000000e+00,7.561251934591317614e-01,4.789626150138282412e+00
-2.926434938339676251e+01,-2.002724833292282458e+00,2.929337257938981764e+01,1.502360780261910556e+00,2.329948548439868539e-01,-3.037196960980549920e-01,5.254627442330072284e+00,2.508514934311162903e-01,0.000000000000000000e+00,7.561251934591317614e-01,4.789626150138282412e+00
-2.926393126523863231e+01,-2.008323601961285565e+00,2.929304839082006851e+01,1.507959396333729440e+00,2.332621248475181264e-01,-3.048167699474693682e-01,5.254571071869254872e+00,2.508427624260262112e-01,0.000000000000000000e+00,7.561251934591317614e-01,4.789626150138282412e+00
-2.926351803400146423e+01,-2.013841554597628480e+00,2.929272773351314640e+01,1.513477218109889666e+00,2.335255315489109251e-01,-3.058980152050649881e-01,5.254515308948116470e+00,2.508341475032013212e-01,0.000000000000000000e+00,7.561251934591317614e-01,4.789626150138282412e+00
-2.926309759821138812e+01,-2.019440150873621498e+00,2.929240122478182329e+01,1.519075701433630021e+00,2.337927824372457997e-01,-3.069950699755783496e-01,5.254458521898057732e+00,2.508253965830447019e-01,0.000000000000000000e+00,7.561251934591317614e-01,4.789626150138282412e+00
-2.926268208279650906e+01,-2.024957933132887078e+00,2.929207828079615084e+01,1.524593391905996631e+00,2.340561702766428831e-01,-3.080762963581404890e-01,5.254402348396905786e+00,2.508167620328162761e-01,0.000000000000000000e+00,7.561251934591317614e-01,4.789626150138282412e+00
-2.926226543361292443e+01,-2.030475630473916659e+00,2.929175420179448963e+01,1.530111016854898143e+00,2.343195487369026386e-01,-3.091575133189367053e-01,5.254345971098247858e+00,2.508081177405239170e-01,0.000000000000000000e+00,7.561251934591317614e-01,4.789626150138282412e+00
-2.926184152992412280e+01,-2.036073967006642782e+00,2.929142422134932389e+01,1.535709299758849067e+00,2.345867709368962273e-01,-3.102545392705955418e-01,5.254288560685484555e+00,2.507993370219694373e-01,0.000000000000000000e+00,7.561251934591317614e-01,4.789626150138282412e+00
-2.926142259666879752e+01,-2.041591492565316912e+00,2.929109785575130687e+01,1.541226791998699053e+00,2.348501304680808421e-01,-3.113357371433332355e-01,5.254231772813565016e+00,2.507906731037672921e-01,0.000000000000000000e+00,7.561251934591317614e-01,4.789626150138282412e+00
-2.926100252969757776e+01,-2.047108932508187706e+00,2.929077035517841310e+01,1.546744218017523931e+00,2.351134805868316247e-01,-3.124169254885565961e-01,5.254174781147511020e+00,2.507819994442436751e-01,0.000000000000000000e+00,7.561251934591317614e-01,4.789626150138282412e+00
-2.926057515827161737e+01,-2.052707007163972364e+00,2.929043690314517079e+01,1.552342298368032392e+00,2.353806739966383677e-01,-3.135139222979040907e-01,5.254116747382363783e+00,2.507731889295627958e-01,0.000000000000000000e+00,7.561251934591317614e-01,4.789626150138282412e+00
-2.926015280733549773e+01,-2.058224273919226466e+00,2.929010711605918615e+01,1.557859590272550276e+00,2.356440051192394414e-01,-3.145950913420334505e-01,5.254059345149885374e+00,2.507644956456273611e-01,0.000000000000000000e+00,7.561251934591317614e-01,4.789626150138282412e+00
-2.925972311856565256e+01,-2.063822172377706377e+00,2.928977134408860294e+01,1.563457534070721966e+00,2.359111792322616252e-01,-3.156920684957821854e-01,5.254000894813886546e+00,2.507556652199292579e-01,0.000000000000000000e+00,7.561251934591317614e-01,4.789626150138282412e+00
-2.925929848373650088e+01,-2.069339265006554740e+00,2.928943927054564611e+01,1.568974690922139814e+00,2.361744913139060542e-01,-3.167732180965053823e-01,5.253943082019596922e+00,2.507469523125849808e-01,0.000000000000000000e+00,7.561251934591317614e-01,4.789626150138282412e+00
-2.925887271528055678e+01,-2.074856270855683249e+00,2.928910606209737821e+01,1.574491780388610263e+00,2.364377939275645879e-01,-3.178543579932457397e-01,5.253885065436897150e+00,2.507382296651629039e-01,0.000000000000000000e+00,7.561251934591317614e-01,4.789626150138282412e+00
-2.925843955904602822e+01,-2.080453903877724553e+00,2.928876681875147980e+01,1.580089518073825250e+00,2.367049390805102960e-01,-3.189513054650339186e-01,5.253825991766014170e+00,2.507293694471415813e-01,0.000000000000000000e+00,7.561251934591317614e-01,4.789626150138282412e+00
-2.925801150680532459e+01,-2.085970734195536025e+00,2.928843132393094706e+01,1.585606471082265934e+00,2.369682225861611813e-01,-3.200324257053779320e-01,5.253767564628478937e+00,2.507206271778150142e-01,0.000000000000000000e+00,7.561251934591317614e-01,4.789626150138282412e+00
-2.925758232099182976e+01,-2.091487477035932407e+00,2.928809469424740541e+01,1.591123356008051104e+00,2.372314965905289452e-01,-3.211135361359471196e-01,5.253708933706023210e+00,2.507118751691591041e-01,0.000000000000000000e+00,7.561251934591317614e-01,4.789626150138282412e+00
-2.925714569745768046e+01,-2.097084842488512013e+00,2.928775197965546084e+01,1.596720885447247218e+00,2.374986126816003851e-01,-3.222104536023891463e-01,5.253649236710913328e+00,2.507029851611018989e-01,0.000000000000000000e+00,7.561251934591317614e-01,4.789626150138282412e+00
-2.925671422796858678e+01,-2.102601408392508198e+00,2.928741306368523212e+01,1.602237632509885046e+00,2.377618675109053892e-01,-3.232915441635238474e-01,5.253590195240686711e+00,2.506942135320503473e-01,0.000000000000000000e+00,7.561251934591317614e-01,4.789626150138282412e+00
-2.925628162496110107e+01,-2.108117886121689821e+00,2.928707301289469811e+01,1.607754310792447239e+00,2.380251128056461440e-01,-3.243726248091429176e-01,5.253530949989066556e+00,2.506854321644194639e-01,0.000000000000000000e+00,7.561251934591317614e-01,4.789626150138282412e+00
-2.925584153429374012e+01,-2.113714981871527065e+00,2.928672682718733356e+01,1.613351629852280755e+00,2.382921997330394448e-01,-3.254695119467810316e-01,5.253470629680519366e+00,2.506765123686205410e-01,0.000000000000000000e+00,7.561251934591317614e-01,4.789626150138282412e+00
-2.925540664772068666e+01,-2.119231281259292388e+00,2.928638449019656775e+01,1.618868168866631763e+00,2.385554257856696281e-01,-3.265505725099268619e-01,5.253410973888283486e+00,2.506677113821071390e-01,0.000000000000000000e+00,7.561251934591317614e-01,4.789626150138282412e+00
-2.925496424011577190e+01,-2.124828195581932366e+00,2.928603598487045545e+01,1.624465346144110089e+00,2.388224931666911299e-01,-3.276474391990020218e-01,5.253350237035185444e+00,2.506587716809075550e-01,0.000000000000000000e+00,7.561251934591317614e-01,4.789626150138282412e+00
-2.925452707005122832e+01,-2.130344315688819545e+00,2.928569136173777920e+01,1.629981744950746769e+00,2.390856999323817123e-01,-3.287284795371956392e-01,5.253290170707161089e+00,2.506499510765259897e-01,0.000000000000000000e+00,7.561251934591317614e-01,4.789626150138282412e+00
-2.925408876655997048e+01,-2.135860346457969516e+00,2.928534560385696750e+01,1.635498073814334319e+00,2.393488971080158234e-01,-3.298095097835568312e-01,5.253229900603719749e+00,2.506411207348199222e-01,0.000000000000000000e+00,7.561251934591317614e-01,4.789626150138282412e+00
-2.925364289210238411e+01,-2.141456987519281263e+00,2.928499362763626124e+01,1.641095037153710079e+00,2.396159351555510186e-01,-3.309063456042264373e-01,5.253168540455480873e+00,2.506321512497197701e-01,0.000000000000000000e+00,7.561251934591317614e-01,4.789626150138282412e+00
-2.925320230523112031e+01,-2.146972837602650674e+00,2.928464558370145099e+01,1.646611224404607388e+00,2.398791129772099295e-01,-3.319873554125949422e-01,5.253107859823544779e+00,2.506233012916654346e-01,0.000000000000000000e+00,7.561251934591317614e-01,4.789626150138282412e+00
-2.925276058498869958e+01,-2.152488597650974445e+00,2.928429640506235643e+01,1.652127341015107609e+00,2.401422811755410114e-01,-3.330683550233889401e-01,5.253046975419835007e+00,2.506144415970421591e-01,0.000000000000000000e+00,7.561251934591317614e-01,4.789626150138282412e+00
-2.925231124384837500e+01,-2.158084963317977056e+00,2.928394095808121023e+01,1.657724088283276664e+00,2.404092897878169488e-01,-3.341651596521962864e-01,5.252984991987590391e+00,2.506054423303520351e-01,0.000000000000000000e+00,7.561251934591317614e-01,4.789626150138282412e+00
-2.925186724033829933e+01,-2.163600541275734646e+00,2.928358949347689943e+01,1.663240061876212650e+00,2.406724385651470011e-01,-3.352461386119653941e-01,5.252923697062765740e+00,2.505965630209045503e-01,0.000000000000000000e+00,7.561251934591317614e-01,4.789626150138282412e+00
-2.925141558256341057e+01,-2.169196721712374210e+00,2.928323172711618128e+01,1.668836663558642019e+00,2.409394274495868793e-01,-3.363429222154907250e-01,5.252861297105829941e+00,2.505875438529338584e-01,0.000000000000000000e+00,7.561251934591317614e-01,4.789626150138282412e+00
-2.925096929586123551e+01,-2.174712116640990622e+00,2.928287797660646774e+01,1.674352493195371716e+00,2.412025567611363330e-01,-3.374238803819043508e-01,5.252799591664870427e+00,2.505786449296825147e-01,0.000000000000000000e+00,7.561251934591317614e-01,4.789626150138282412e+00
-2.925052187588156727e+01,-2.180227420370977498e+00,2.928252309146661148e+01,1.679868251028036941e+00,2.414656763938432538e-01,-3.385048281742654153e-01,5.252737682458305635e+00,2.505697362711275522e-01,0.000000000000000000e+00,7.561251934591317614e-01,4.789626150138282412e+00
-2.925006675171036719e+01,-2.185823321855236312e+00,2.928216185457218401e+01,1.685464633080932639e+00,2.417326356732679149e-01,-3.396015800463295653e-01,5.252674659236236998e+00,2.505606873254359046e-01,0.000000000000000000e+00,7.561251934591317614e-01,4.789626150138282412e+00
-2.924961704865241074e+01,-2.191338441151389205e+00,2.928180468361716393e+01,1.690980245552585526e+00,2.419957357731796488e-01,-3.406825068322967276e-01,5.252612339521057550e+00,2.505517590546079698e-01,0.000000000000000000e+00,7.561251934591317614e-01,4.789626150138282412e+00
-2.924916621237366954e+01,-2.196853468551720479e+00,2.928144637807701045e+01,1.696495785522921018e+00,2.422588261609884830e-01,-3.417634231384728549e-01,5.252549816044027153e+00,2.505428210492372521e-01,0.000000000000000000e+00,7.561251934591317614e-01,4.789626150138282412e+00
-2.924870762197961227e+01,-2.202449088950851674e+00,2.928108167078654489e+01,1.702091945813353657e+00,2.425257557336525926e-01,-3.428601429556060176e-01,5.252486169568314267e+00,2.505337423281520648e-01,0.000000000000000000e+00,7.561251934591317614e-01,4.789626150138282412e+00
-2.924825450273726446e+01,-2.207963930512701900e+00,2.928072107952234404e+01,1.707607339017901626e+00,2.427888265216578967e-01,-3.439410380423440494e-01,5.252423235590279127e+00,2.505247847120435356e-01,0.000000000000000000e+00,7.561251934591317614e-01,4.789626150138282412e+00
-2.924779359601799200e+01,-2.213559361877943665e+00,2.928035405309784167e+01,1.713203349918741569e+00,2.430557361850341214e-01,-3.450377362573003870e-01,5.252359172610360005e+00,2.505156860938290708e-01,0.000000000000000000e+00,7.561251934591317614e-01,4.789626150138282412e+00
-2.924733819388915634e+01,-2.219074016662673010e+00,2.927999117617096658e+01,1.718718595418768480e+00,2.433187873284605729e-01,-3.461186099822308737e-01,5.252295828136449352e+00,2.505067088680107967e-01,0.000000000000000000e+00,7.561251934591317614e-01,4.789626150138282412e+00
-2.924688165863507905e+01,-2.224588578388653648e+00,2.927962716473498617e+01,1.724233767254435445e+00,2.435818287043097496e-01,-3.471994730509882499e-01,5.252232279907046220e+00,2.504977219089232765e-01,0.000000000000000000e+00,7.561251934591317614e-01,4.789626150138282412e+00
-2.924641728598525958e+01,-2.230183725111146931e+00,2.927925666814706318e+01,1.729829552834834638e+00,2.438487084912186464e-01,-3.482961386714036323e-01,5.252167593692932179e+00,2.504885935192121549e-01,0.000000000000000000e+00,7.561251934591317614e-01,4.789626150138282412e+00
-2.924595846796085041e+01,-2.235698098655214849e+00,2.927889037114099580e+01,1.735344575561035940e+00,2.441117301554805996e-01,-3.493769801652564233e-01,5.252103634975407331e+00,2.504795869519572116e-01,0.000000000000000000e+00,7.561251934591317614e-01,4.789626150138282412e+00
-2.924549851686905910e+01,-2.241212378443459663e+00,2.927852293967198705e+01,1.740859523925722296e+00,2.443747420189159025e-01,-3.504578108972008499e-01,5.252039472506258022e+00,2.504705706521994646e-01,0.000000000000000000e+00,7.561251934591317614e-01,4.789626150138282412e+00
-2.924503067846568172e+01,-2.246807238390768902e+00,2.927814897306186026e+01,1.746455082053002927e+00,2.446415918276436119e-01,-3.515544435996059702e-01,5.251974163069781376e+00,2.504614124933358110e-01,0.000000000000000000e+00,7.561251934591317614e-01,4.789626150138282412e+00
-2.924456844472055650e+01,-2.252321328592596927e+00,2.927777925611619381e+01,1.751969879903551464e+00,2.449045839125010282e-01,-3.526352525435899055e-01,5.251909590120346749e+00,2.504523765869567375e-01,0.000000000000000000e+00,7.561251934591317614e-01,4.789626150138282412e+00
-2.924409829030749108e+01,-2.257915995704224521e+00,2.927740297062377195e+01,1.757565284839012643e+00,2.451714136306012981e-01,-3.537318630671559272e-01,5.251843864200758993e+00,2.504431985351428525e-01,0.000000000000000000e+00,7.561251934591317614e-01,4.789626150138282412e+00
-2.924363377398769970e+01,-2.263429895381385837e+00,2.927703096826437346e+01,1.763079931237053088e+00,2.454343858921314292e-01,-3.548126500808590489e-01,5.251778880776322822e+00,2.504341430231775134e-01,0.000000000000000000e+00,7.561251934591317614e-01,4.789626150138282412e+00
-2.924316812469803040e+01,-2.268943700139478103e+00,2.927665783152002277e+01,1.768594502110184319e+00,2.456973482973544565e-01,-3.558934261561768619e-01,5.251713693606812505e+00,2.504250777799928995e-01,0.000000000000000000e+00,7.561251934591317614e-01,4.789626150138282412e+00
-2.924269450482958632e+01,-2.274538076918761309e+00,2.927627807624389078e+01,1.774189676034909180e+00,2.459641478676163340e-01,-3.569900032221116626e-01,5.251647344484889679e+00,2.504158699629511764e-01,0.000000000000000000e+00,7.561251934591317614e-01,4.789626150138282412e+00
-2.924222657308369833e+01,-2.280051689747827126e+00,2.927590265418069393e+01,1.779704094050980068e+00,2.462270903825351243e-01,-3.580707571540960310e-01,5.251581746848354548e+00,2.504067851157331104e-01,0.000000000000000000e+00,7.561251934591317614e-01,4.789626150138282412e+00
-2.924175750842695010e+01,-2.285565206960797013e+00,2.927552609777986703e+01,1.785218435845014717e+00,2.464900230079051235e-01,-3.591515000419486792e-01,5.251515945470730529e+00,2.503976905380677076e-01,0.000000000000000000e+00,7.561251934591317614e-01,4.789626150138282412e+00
-2.924128042328364430e+01,-2.291159291275595145e+00,2.927514287286476602e+01,1.790813376626559483e+00,2.467567923286454468e-01,-3.602480433267800652e-01,5.251448973158656663e+00,2.503884529581590357e-01,0.000000000000000000e+00,7.561251934591317614e-01,4.789626150138282412e+00
-2.924080907628999171e+01,-2.296672615155323172e+00,2.927476403124085280e+01,1.796327564159110546e+00,2.470197049967453595e-01,-3.613287638582598493e-01,5.251382761322073378e+00,2.503793387780172686e-01,0.000000000000000000e+00,7.561251934591317614e-01,4.789626150138282412e+00
-2.924032967545890926e+01,-2.302266502831998629e+00,2.927437848770156492e+01,1.801922347945853264e+00,2.472864540455172455e-01,-3.624252843873533303e-01,5.251315372548610583e+00,2.503700813093691080e-01,0.000000000000000000e+00,7.561251934591317614e-01,4.789626150138282412e+00
-2.923985604620856904e+01,-2.307779632440295270e+00,2.927399736091902938e+01,1.807436380278584442e+00,2.475493467116078039e-01,-3.635059824201245515e-01,5.251248750258502795e+00,2.503609475277933649e-01,0.000000000000000000e+00,7.561251934591317614e-01,4.789626150138282412e+00
-2.923938128414679483e+01,-2.313292665269411241e+00,2.927361509987877497e+01,1.812950335226013010e+00,2.478122294326857711e-01,-3.645866692322848324e-01,5.251181924234043841e+00,2.503518040170628622e-01,0.000000000000000000e+00,7.561251934591317614e-01,4.789626150138282412e+00
-2.923889841834490966e+01,-2.318886256924958644e+00,2.927322608694490214e+01,1.818544882312374877e+00,2.480789480623312171e-01,-3.656831554406520524e-01,5.251113912291038410e+00,2.503425167895003134e-01,0.000000000000000000e+00,7.561251934591317614e-01,4.789626150138282412e+00
-2.923842137414721520e+01,-2.324399094078527295e+00,2.927284154084324186e+01,1.824058680655635367e+00,2.483418107144454434e-01,-3.667638195410579671e-01,5.251046675821264387e+00,2.503333536788998059e-01,0.000000000000000000e+00,7.561251934591317614e-01,4.789626150138282412e+00
-2.923794319719825907e+01,-2.329911833755962558e+00,2.927245586053234305e+01,1.829572400916521513e+00,2.486046633883143842e-01,-3.678444723151009232e-01,5.250979235621230146e+00,2.503241808399216950e-01,0.000000000000000000e+00,7.561251934591317614e-01,4.789626150138282412e+00
-2.923745686660960175e+01,-2.335505127258611591e+00,2.927206337835214711e+01,1.835166709170368282e+00,2.488713514971844787e-01,-3.689409238792796253e-01,5.250910600521208949e+00,2.503148638558221339e-01,0.000000000000000000e+00,7.561251934591317614e-01,4.789626150138282412e+00
-2.923697640764636674e+01,-2.341017669856434669e+00,2.927167541307791865e+01,1.840680271422773906e+00,2.491341840351418702e-01,-3.700215537285169720e-01,5.250842749884155225e+00,2.503056714185422083e-01,0.000000000000000000e+00,7.561251934591317614e-01,4.789626150138282412e+00
-2.923648776169807562e+01,-2.346610762919794535e+00,2.927128061253790747e+01,1.846274418880002433e+00,2.494008516907929018e-01,-3.711179819601975738e-01,5.250773698345080120e+00,2.502963345499424341e-01,0.000000000000000000e+00,7.561251934591317614e-01,4.789626150138282412e+00
-2.923600502080238428e+01,-2.352123107499230148e+00,2.927089036236642272e+01,1.851787822184978616e+00,2.496636640480789093e-01,-3.721985887421513928e-01,5.250705437276599774e+00,2.502871225154114643e-01,0.000000000000000000e+00,7.561251934591317614e-01,4.789626150138282412e+00
-2.923552114725672268e+01,-2.357635353440378001e+00,2.927049897806749357e+01,1.857301146245211143e+00,2.499264663717092883e-01,-3.732791840214109702e-01,5.250636972484786114e+00,2.502779007538036282e-01,0.000000000000000000e+00,7.561251934591317614e-01,4.789626150138282412e+00
-2.923502903683159815e+01,-2.363228144794653485e+00,2.927010070853143020e+01,1.862895051313081307e+00,2.501931033370294877e-01,-3.743755770692648865e-01,5.250567297809881850e+00,2.502685341326473245e-01,0.000000000000000000e+00,7.561251934591317614e-01,4.789626150138282412e+00
-2.923454288147656754e+01,-2.368740191313498666e+00,2.926970703943477403e+01,1.868408215021696961e+00,2.504558854130545797e-01,-3.754561490681927460e-01,5.250498422595078374e+00,2.502592927753633512e-01,0.000000000000000000e+00,7.561251934591317614e-01,4.789626150138282412e+00
-2.923405559353290428e+01,-2.374252138496939057e+00,2.926931223626031198e+01,1.873921298788313150e+00,2.507186574221888509e-01,-3.765367094586213881e-01,5.250429343661154213e+00,2.502500416917857740e-01,0.000000000000000000e+00,7.561251934591317614e-01,4.789626150138282412e+00
-2.923356001881847988e+01,-2.379844626010904296e+00,2.926891049787997190e+01,1.879514959335173874e+00,2.509852635955717726e-01,-3.776330669992297162e-01,5.250359045863290497e+00,2.502406453204666925e-01,0.000000000000000000e+00,7.561251934591317614e-01,4.789626150138282412e+00
-2.923307044918940178e+01,-2.385356372368394151e+00,2.926851341000818962e+01,1.885027881346238665e+00,2.512480152901838126e-01,-3.787136038963152540e-01,5.250289556514892375e+00,2.502313746427916041e-01,0.000000000000000000e+00,7.561251934591317614e-01,4.789626150138282412e+00
-2.923257255944979249e+01,-2.390948655642041398e+00,2.926810935353869780e+01,1.890621377294696037e+00,2.515146008291332391e-01,-3.798099375275791889e-01,5.250218842300935940e+00,2.502219583912421164e-01,0.000000000000000000e+00,7.561251934591317614e-01,4.789626150138282412e+00
-2.923208070821859650e+01,-2.396460200235730031e+00,2.926770998103715371e+01,1.896134136612158017e+00,2.517773321645144224e-01,-3.808904507889966373e-01,5.250148942543811259e+00,2.502126681205267822e-01,0.000000000000000000e+00,7.561251934591317614e-01,4.789626150138282412e+00
-2.923158772450204168e+01,-2.401971644331310607e+00,2.926730947454156961e+01,1.901646814824669462e+00,2.520400533775773444e-01,-3.819709522654409217e-01,5.250078839074681980e+00,2.502033681248285735e-01,0.000000000000000000e+00,7.561251934591317614e-01,4.789626150138282412e+00
-2.923108637078898653e+01,-2.407563620208663657e+00,2.926690194948399082e+01,1.907240062695375382e+00,2.523066079550714269e-01,-3.830672498497541545e-01,5.250007501759538009e+00,2.501939221271251568e-01,0.000000000000000000e+00,7.561251934591317614e-01,4.789626150138282412e+00
-2.923059110559572815e+01,-2.413074861136707661e+00,2.926649915846050121e+01,1.912752576810237581e+00,2.525693087419891847e-01,-3.841477274774751094e-01,5.249936987890344575e+00,2.501846025399724893e-01,0.000000000000000000e+00,7.561251934591317614e-01,4.789626150138282412e+00
-2.923009470797957832e+01,-2.418586000869916042e+00,2.926609523349375408e+01,1.918265009123262477e+00,2.528319993733775251e-01,-3.852281932144733800e-01,5.249866270313470196e+00,2.501752732286251502e-01,0.000000000000000000e+00,7.561251934591317614e-01,4.789626150138282412e+00
-2.922958989048414580e+01,-2.424177667219820531e+00,2.926568424000339519e+01,1.923858006784577634e+00,2.530985228878298576e-01,-3.863244544283663817e-01,5.249794309910359225e+00,2.501657974871787093e-01,0.000000000000000000e+00,7.561251934591317614e-01,4.789626150138282412e+00
-2.922909121151758072e+01,-2.429688602381810281e+00,2.926527803061147992e+01,1.929370273595944596e+00,2.533611930261652767e-01,-3.874048961035804761e-01,5.249723181942170136e+00,2.501564485859670284e-01,0.000000000000000000e+00,7.561251934591317614e-01,4.789626150138282412e+00
-2.922858407933765434e+01,-2.435280060691400905e+00,2.926486471930890332e+01,1.934963102857996109e+00,2.536276957250483965e-01,-3.885011328313700552e-01,5.249650805146539589e+00,2.501469529685889093e-01,0.000000000000000000e+00,7.561251934591317614e-01,4.789626150138282412e+00
-2.922808311910560519e+01,-2.440790790343622785e+00,2.926445622556100545e+01,1.940475203228928081e+00,2.538903453255964560e-01,-3.895815503023095649e-01,5.249579266792940402e+00,2.501375844785788116e-01,0.000000000000000000e+00,7.561251934591317614e-01,4.789626150138282412e+00
-2.922758102655578938e+01,-2.446301417639312969e+00,2.926404659795548113e+01,1.945987220636046899e+00,2.541529847152447230e-01,-3.906619557062144255e-01,5.249507524738960207e+00,2.501282062656925431e-01,0.000000000000000000e+00,7.561251934591317614e-01,4.789626150138282412e+00
-2.922707043091518386e+01,-2.451892562866281988e+00,2.926362981848216549e+01,1.951579796132675293e+00,2.544194561816341960e-01,-3.917581555239290081e-01,5.249434524877709229e+00,2.501186809086075602e-01,0.000000000000000000e+00,7.561251934591317614e-01,4.789626150138282412e+00
-2.922656605722761469e+01,-2.457402983248653250e+00,2.926321790662483480e+01,1.957091645695457238e+00,2.546820749666003914e-01,-3.928385365104969940e-01,5.249362372447210490e+00,2.501092831085197643e-01,0.000000000000000000e+00,7.561251934591317614e-01,4.789626150138282412e+00
-2.922605314711871216e+01,-2.462993918059878773e+00,2.926279880951564394e+01,1.962684050416797277e+00,2.549485255042053256e-01,-3.939347114815280881e-01,5.249288956208491008e+00,2.500997378782057190e-01,0.000000000000000000e+00,7.561251934591317614e-01,4.789626150138282412e+00
-2.922554649237920898e+01,-2.468504130591330004e+00,2.926238461347659836e+01,1.968195731197397880e+00,2.552111236398047489e-01,-3.950150679084365457e-01,5.249216393407464487e+00,2.500903204919854850e-01,0.000000000000000000e+00,7.561251934591317614e-01,4.789626150138282412e+00
-2.922503870542835003e+01,-2.474014239603706145e+00,2.926196928366682215e+01,1.973707327851339732e+00,2.554737115090991439e-01,-3.960954120918095955e-01,5.249143626913485683e+00,2.500808933842148529e-01,0.000000000000000000e+00,7.561251934591317614e-01,4.789626150138282412e+00
-2.922452233218413653e+01,-2.479604857777516713e+00,2.926154671865262102e+01,1.979299475251541818e+00,2.557401306447941169e-01,-3.971915496131167012e-01,5.249069587631852940e+00,2.500713184182474236e-01,0.000000000000000000e+00,7.561251934591317614e-01,4.789626150138282412e+00
-2.922401226431053445e+01,-2.485114757535600738e+00,2.926112910476677342e+01,1.984810901719553877e+00,2.560026977978424600e-01,-3.982718690237758152e-01,5.248996410776383570e+00,2.500618717259481816e-01,0.000000000000000000e+00,7.561251934591317614e-01,4.789626150138282412e+00
-2.922350106428989847e+01,-2.490624553078027770e+00,2.926071035716283220e+01,1.990322243364135213e+00,2.562652546513903840e-01,-3.993521760851436730e-01,5.248923030232465869e+00,2.500524153128956262e-01,0.000000000000000000e+00,7.561251934591317614e-01,4.789626150138282412e+00
-2.922298122810719079e+01,-2.496214852483738422e+00,2.926028432440467952e+01,1.995914131311931072e+00,2.565316422836382837e-01,-4.004482758332416625e-01,5.248848367921708835e+00,2.500428106137130846e-01,0.000000000000000000e+00,7.561251934591317614e-01,4.789626150138282412e+00
-2.922246774729386232e+01,-2.501724437368581189e+00,2.925986329283117016e+01,2.001425301366899223e+00,2.567941783540687584e-01,-4.015285579088402335e-01,5.248774577025423937e+00,2.500333346177397442e-01,0.000000000000000000e+00,7.561251934591317614e-01,4.789626150138282412e+00
-2.922194559699382665e+01,-2.507314522558614645e+00,2.925943494272434364e+01,2.007017014738433414e+00,2.570605448764474721e-01,-4.026246322333169037e-01,5.248699498361789395e+00,2.500237100496768838e-01,0.000000000000000000e+00,7.561251934591317614e-01,4.789626150138282412e+00
-2.922142983547520956e+01,-2.512823895848031786e+00,2.925901162725293858e+01,2.012528012265677013e+00,2.573230601190715783e-01,-4.037048891807469841e-01,5.248625297119279942e+00,2.500142144718596748e-01,0.000000000000000000e+00,7.561251934591317614e-01,4.789626150138282412e+00
-2.922091294191783817e+01,-2.518333163760093640e+00,2.925858717815222221e+01,2.018038923807457419e+00,2.575855650068394342e-01,-4.047851336025144464e-01,5.248550892195932072e+00,2.500047091746230299e-01,0.000000000000000000e+00,7.561251934591317614e-01,4.789626150138282412e+00
-2.922038732901055269e+01,-2.523922926627773400e+00,2.925815536057304911e+01,2.023630374171309310e+00,2.578518998564080511e-01,-4.058811696141271796e-01,5.248475190526460388e+00,2.499950548774264314e-01,0.000000000000000000e+00,7.561251934591317614e-01,4.789626150138282412e+00
-2.921986815487941769e+01,-2.529431981540965158e+00,2.925772862768240401e+01,2.029141111781504581e+00,2.581143838494977527e-01,-4.069613886946130688e-01,5.248400375266161433e+00,2.499855299999613201e-01,0.000000000000000000e+00,7.561251934591317614e-01,4.789626150138282412e+00
-2.921934784877501912e+01,-2.534940930380302326e+00,2.925730076121626055e+01,2.034651762709526412e+00,2.583768574545451391e-01,-4.080415951436746624e-01,5.248325356329643476e+00,2.499759954038792420e-01,0.000000000000000000e+00,7.561251934591317614e-01,4.789626150138282412e+00
-2.921881877346079293e+01,-2.540530368795316019e+00,2.925686547632930967e+01,2.040242947934741036e+00,2.586431605298009084e-01,-4.091375925189443818e-01,5.248249031668470010e+00,2.499663113800038583e-01,0.000000000000000000e+00,7.561251934591317614e-01,4.789626150138282412e+00
-2.921829618691500841e+01,-2.546039103232706324e+00,2.925643532618207132e+01,2.045753423527669757e+00,2.589056131733199484e-01,-4.102177734136669418e-01,5.248173602404350824e+00,2.499567572053123243e-01,0.000000000000000000e+00,7.561251934591317614e-01,4.789626150138282412e+00
-2.921776479784060854e+01,-2.551628323633837070e+00,2.925599772423986877e+01,2.051344430377270101e+00,2.591718949577337949e-01,-4.113137447885960030e-01,5.248096861415491254e+00,2.499470533169328434e-01,0.000000000000000000e+00,7.561251934591317614e-01,4.789626150138282412e+00
-2.921723993094236249e+01,-2.557136842731919213e+00,2.925556529048473564e+01,2.056854729697448647e+00,2.594343265950658228e-01,-4.123938999866444965e-01,5.248021021830064470e+00,2.499374795647153757e-01,0.000000000000000000e+00,7.561251934591317614e-01,4.789626150138282412e+00
-2.921671393218108292e+01,-2.562645254594053679e+00,2.925513172324482980e+01,2.062364941172993849e+00,2.596967477889898790e-01,-4.134740423767825357e-01,5.247944978576226660e+00,2.499278960952250050e-01,0.000000000000000000e+00,7.561251934591317614e-01,4.789626150138282412e+00
-2.921617908103687711e+01,-2.568234146988765509e+00,2.925469065427234483e+01,2.067955679329080088e+00,2.599629976297794243e-01,-4.145699745756987187e-01,5.247867614619535104e+00,2.499181624842762017e-01,0.000000000000000000e+00,7.561251934591317614e-01,4.789626150138282412e+00
-2.921565080205695608e+01,-2.573742342108627845e+00,2.925425480353482399e+01,2.073465713128454624e+00,2.602253977506784333e-01,-4.156500910560990136e-01,5.247791161053884323e+00,2.499085594388857634e-01,0.000000000000000000e+00,7.561251934591317614e-01,4.789626150138282412e+00
-2.921512139128066465e+01,-2.579250429296175540e+00,2.925381781936750514e+01,2.078975658386599257e+00,2.604877873949952294e-01,-4.167301946228306186e-01,5.247714503824559173e+00,2.498989466770305257e-01,0.000000000000000000e+00,7.561251934591317614e-01,4.789626150138282412e+00
-2.921458307827048273e+01,-2.584838991554465171e+00,2.925337328353283439e+01,2.084566125718465113e+00,2.607540051906890310e-01,-4.178260873222468530e-01,5.247636516914513827e+00,2.498891833459838396e-01,0.000000000000000000e+00,7.561251934591317614e-01,4.789626150138282412e+00
-2.921405138741024032e+01,-2.590346860596858924e+00,2.925293401597904364e+01,2.090075891897086535e+00,2.610163736951508495e-01,-4.189061647661761478e-01,5.247559449382956487e+00,2.498795510098585915e-01,0.000000000000000000e+00,7.561251934591317614e-01,4.789626150138282412e+00
-2.921351076100341260e+01,-2.595935201042599783e+00,2.925248716338890986e+01,2.095666177053417734e+00,2.612825700190376521e-01,-4.200020308883199438e-01,5.247481046171055930e+00,2.498697678187160598e-01,0.000000000000000000e+00,7.561251934591317614e-01,4.789626150138282412e+00
-2.921297679014968907e+01,-2.601442851002625289e+00,2.925204561252339275e+01,2.101175763214979231e+00,2.615449173389999826e-01,-4.210820820671105080e-01,5.247403568343711022e+00,2.498601159094117896e-01,0.000000000000000000e+00,7.561251934591317614e-01,4.789626150138282412e+00
-2.921244168761175075e+01,-2.606950391868426031e+00,2.925160292832074305e+01,2.106685259673000132e+00,2.618072541270322628e-01,-4.221621201557445024e-01,5.247325886860688016e+00,2.498504542849957211e-01,0.000000000000000000e+00,7.561251934591317614e-01,4.789626150138282412e+00
-2.921189759968194721e+01,-2.612538398624550062e+00,2.925115260915179505e+01,2.112275270450692410e+00,2.620734182365661025e-01,-4.232579462387126568e-01,5.247246860719882555e+00,2.498406413778926638e-01,0.000000000000000000e+00,7.561251934591317614e-01,4.789626150138282412e+00
-2.921136021728667842e+01,-2.618045719005240191e+00,2.925070764175003291e+01,2.117784585488414972e+00,2.623357337732824535e-01,-4.243379578491418558e-01,5.247168768950800199e+00,2.498309601819346248e-01,0.000000000000000000e+00,7.561251934591317614e-01,4.789626150138282412e+00
-2.921081381619065809e+01,-2.623633501574619942e+00,2.925025500601620720e+01,2.123374411715539090e+00,2.626018762979198673e-01,-4.254337569942250874e-01,5.247089326524595698e+00,2.498211274175059504e-01,0.000000000000000000e+00,7.561251934591317614e-01,4.789626150138282412e+00
-2.921027415402956606e+01,-2.629140600532314131e+00,2.924980775549110135e+01,2.128883544394738259e+00,2.628641705386484118e-01,-4.265137419839619692e-01,5.247010824476001645e+00,2.498114266511028136e-01,0.000000000000000000e+00,7.561251934591317614e-01,4.789626150138282412e+00
-2.920973336029754464e+01,-2.634647589234753617e+00,2.924935937172266165e+01,2.134392586208946785e+00,2.631264541921466971e-01,-4.275937137072039484e-01,5.246932118779834120e+00,2.498017161709453482e-01,0.000000000000000000e+00,7.561251934591317614e-01,4.789626150138282412e+00
-2.920918349802521874e+01,-2.640235034561746463e+00,2.924890326969707743e+01,2.139982134503374489e+00,2.633925643332115096e-01,-4.286894722734457819e-01,5.246852053449534203e+00,2.497918536947107138e-01,0.000000000000000000e+00,7.561251934591317614e-01,4.789626150138282412e+00
-2.920864042466497423e+01,-2.645741800438540015e+00,2.924845260291935745e+01,2.145490992555889598e+00,2.636548266239167049e-01,-4.297694171629187210e-01,5.246772937483727084e+00,2.497821236457520577e-01,0.000000000000000000e+00,7.561251934591317614e-01,4.789626150138282412e+00
-2.920809621980232862e+01,-2.651248455363678147e+00,2.924800080295514704e+01,2.150999759046750892e+00,2.639170782942246163e-01,-4.308493486800941685e-01,5.246693617875267890e+00,2.497723838838563915e-01,0.000000000000000000e+00,7.561251934591317614e-01,4.789626150138282412e+00
-2.920754289656323621e+01,-2.656835561319070838e+00,2.924754123481161017e+01,2.156589027278468240e+00,2.641831559503100002e-01,-4.319450663440491667e-01,5.246612929655916524e+00,2.497624916983141596e-01,0.000000000000000000e+00,7.561251934591317614e-01,4.789626150138282412e+00
-2.920699641221080611e+01,-2.662341992016332259e+00,2.924708715195302489e+01,2.162097608604869770e+00,2.644453861910436299e-01,-4.330249708144436882e-01,5.246533199787763557e+00,2.497527323692645962e-01,0.000000000000000000e+00,7.561251934591317614e-01,4.789626150138282412e+00
-2.920644077617919976e+01,-2.667928869987561846e+00,2.924662526755459524e+01,2.167686688487169722e+00,2.647114420813749813e-01,-4.341206609636237279e-01,5.246452095309845909e+00,2.497428203308530159e-01,0.000000000000000000e+00,7.561251934591317614e-01,4.789626150138282412e+00
-2.920589201242995969e+01,-2.673435075520000925e+00,2.924616890187889240e+01,2.173195083711800368e+00,2.649736508479145769e-01,-4.352005382449030124e-01,5.246371955188696923e+00,2.497330414357526729e-01,0.000000000000000000e+00,7.561251934591317614e-01,4.789626150138282412e+00
-2.920534211729362184e+01,-2.678941168939105832e+00,2.924571140311250517e+01,2.178703386212644588e+00,2.652358489387347529e-01,-4.362804019773803277e-01,5.246291611433201219e+00,2.497232528290833642e-01,0.000000000000000000e+00,7.561251934591317614e-01,4.789626150138282412e+00
-2.920478302064780962e+01,-2.684527703986253400e+00,2.924524605288907253e+01,2.184292182478364985e+00,2.655018721749085042e-01,-4.373760506845463802e-01,5.246209884091626918e+00,2.497133110855471183e-01,0.000000000000000000e+00,7.561251934591317614e-01,4.789626150138282412e+00
-2.920423084625457832e+01,-2.690033570838138655e+00,2.924478627142194753e+01,2.189800297474480129e+00,2.657640487247523442e-01,-4.384558870148341780e-01,5.246129130093231119e+00,2.497035029144817897e-01,0.000000000000000000e+00,7.561251934591317614e-01,4.789626150138282412e+00
-2.920367754054389664e+01,-2.695539324880687371e+00,2.924432535692211133e+01,2.195308319050525370e+00,2.660262145657340538e-01,-4.395357096905728178e-01,5.246048172465520132e+00,2.496936850326696988e-01,0.000000000000000000e+00,7.561251934591317614e-01,4.789626150138282412e+00
-2.920311498349695967e+01,-2.701125514874576083e+00,2.924385654105102716e+01,2.200896829569627400e+00,2.662922050463615298e-01,-4.406313166322148867e-01,5.245965822275682200e+00,2.496837135865245527e-01,0.000000000000000000e+00,7.561251934591317614e-01,4.789626150138282412e+00
-2.920255939867016437e+01,-2.706631040947665046e+00,2.924339334396770340e+01,2.206404662238128811e+00,2.665543492795962588e-01,-4.417111116927032177e-01,5.245884454415251419e+00,2.496738761419752817e-01,0.000000000000000000e+00,7.561251934591317614e-01,4.789626150138282412e+00
-2.920199452921065131e+01,-2.712216999161091380e+00,2.924292221215795706e+01,2.211992980609978066e+00,2.668203178136951403e-01,-4.428066905427729405e-01,5.245801687994293694e+00,2.496638848474458106e-01,0.000000000000000000e+00,7.561251934591317614e-01,4.789626150138282412e+00
